#type       avg     std     min      p5     p10     p50     p67     p75     p80     p85     p90     p95     p99    p999   p9999      QPS   target       ts_start         ts_end
read      251.1   108.0    93.8   154.8   168.3   235.1   266.9   286.3   301.2   319.5   346.8   397.8   498.4   929.0  4204.1  29933.8    30000  1778017174023  1778017184180
read      247.2   104.3    93.8   155.9   168.2   232.0   263.5   282.5   297.1   315.9   341.2   383.1   468.6   963.1  4276.0  30117.5    30005  1778017185694  1778017195831
read      247.9   105.5    93.8   157.0   170.0   232.8   263.8   282.8   297.1   315.6   340.1   381.0   468.4   891.4  4140.8  30089.4    30010  1778017197345  1778017207447
read      247.0   100.5    93.8   155.8   169.1   232.6   263.5   282.1   296.4   314.8   338.8   378.2   467.9   863.7  3761.6  30090.7    30015  1778017208963  1778017219072
read      249.1   110.6    93.8   154.5   167.6   233.7   265.6   285.0   299.9   318.2   344.3   390.3   486.1   741.0  3943.4  30125.4    30020  1778017220585  1778017230690
read      243.8   103.4    93.8   151.9   163.9   227.2   257.8   276.0   292.0   311.5   338.6   386.5   492.3  1220.6  3445.8  30042.5    30025  1778017232203  1778017242305
read      278.6   315.2   101.3   152.8   163.6   224.0   255.1   275.3   292.6   315.1   350.0   468.9  1514.5  4065.1  6938.5  30076.4    30030  1778017243817  1778017253919
read      272.6   278.3   101.3   154.8   165.7   226.4   256.9   275.9   292.5   313.4   344.5   430.7  1236.4  3737.6  6417.0  30121.1    30035  1778017255433  1778017265537
read      268.2   262.8   101.3   153.2   164.3   224.8   254.8   274.1   290.3   310.3   340.1   421.6  1163.3  3721.9  6353.7  29930.5    30040  1778017267050  1778017277161
read      259.6   254.3    93.8   151.7   162.3   218.4   247.3   265.4   279.3   298.1   326.3   398.3  1096.8  3696.9  6386.1  29942.4    30045  1778017278674  1778017288778
read      266.2   259.6    93.8   153.5   164.5   223.4   252.7   271.1   286.1   304.9   333.6   410.9  1163.9  3746.5  6317.3  30032.9    30050  1778017290292  1778017300399
read      255.2   258.4   101.3   149.9   159.7   213.8   241.9   259.8   273.5   292.7   318.8   385.3  1092.8  3784.7  6359.3  29994.1    30055  1778017301915  1778017312027
read      259.0   268.6    93.8   151.1   161.4   216.3   244.7   263.0   276.9   296.2   323.5   392.0  1112.4  3739.2  6460.9  30049.1    30060  1778017313542  1778017323653
read      267.1   275.2   101.3   151.3   162.3   222.6   252.9   271.8   287.4   307.2   337.0   416.5  1185.2  3796.4  6435.0  30090.0    30065  1778017325168  1778017335273
read      267.1   271.1    93.8   152.2   163.1   223.2   253.3   272.2   288.0   308.2   338.3   416.7  1172.7  3791.6  6392.3  30098.6    30070  1778017336787  1778017346893
read      319.2   403.2   101.3   161.4   173.8   242.2   278.4   303.3   322.5   351.6   403.0   578.6  2674.5  5126.3  6439.5  30068.2    30075  1778017348406  1778017358512
read      316.1   408.7    93.8   159.3   171.9   241.7   278.6   303.6   322.5   349.7   400.5   552.5  2794.2  5040.0  7802.6  29957.5    30080  1778017360025  1778017370131
read      310.6   391.0   101.3   160.0   172.3   239.6   274.5   298.2   317.3   343.9   392.7   537.0  2379.0  5110.8  6458.6  30169.7    30085  1778017371646  1778017381749
read      311.3   403.1   101.3   161.3   173.3   239.4   274.0   297.3   316.9   343.5   390.4   520.0  2773.3  4971.9  7895.3  30091.0    30090  1778017383262  1778017393362
read      312.4   402.7   101.3   157.5   169.7   238.9   275.0   300.0   319.5   346.4   397.4   541.9  2790.1  5021.7  6959.4  30072.1    30095  1778017394874  1778017404974
read      322.8   414.7   101.3   160.3   173.3   246.4   285.0   310.7   332.0   362.8   417.8   576.5  2814.3  5083.5  7831.6  30102.1    30100  1778017406486  1778017416590
read      316.1   408.5   101.3   161.0   173.3   240.8   276.2   300.8   319.5   345.7   395.4   538.4  2838.3  5038.2  7105.3  30036.4    30105  1778017418103  1778017428207
read      316.5   396.5   101.3   163.1   175.8   243.7   279.5   303.4   322.0   349.1   397.6   544.4  2689.0  4930.9  6458.4  30175.9    30110  1778017429720  1778017439824
read      315.1   394.1   101.3   163.3   176.0   244.6   280.5   304.4   322.2   346.9   394.3   535.9  2695.4  4907.9  7570.3  30039.8    30115  1778017441336  1778017451440
read      246.5   104.7    86.8   154.5   167.3   231.0   262.2   281.0   295.7   314.9   340.7   384.8   473.1   973.0  3764.2  30146.5    30120  1778017452952  1778017463055
read      266.1   223.3    93.8   155.7   167.6   231.3   263.7   283.7   299.5   319.1   349.8   422.0   967.5  3306.6  7033.2  30121.0    30125  1778017464567  1778017474672
read      273.8   306.6    93.8   152.5   163.4   221.8   252.4   272.1   288.7   310.1   341.7   430.7  1496.7  3987.5  6576.7  30105.5    30130  1778017476183  1778017486291
read      265.4   259.9   101.3   152.7   163.6   222.4   252.0   270.7   286.0   305.5   334.5   409.6  1164.4  3450.0  6376.9  30129.0    30135  1778017487803  1778017497906
read      271.1   265.8    93.8   154.7   166.2   227.9   258.6   277.4   293.3   313.7   343.8   425.9  1147.6  3655.4  6409.6  30092.5    30140  1778017499418  1778017509526
read      255.6   255.8    93.8   148.2   158.2   214.3   242.7   260.5   273.9   293.3   319.9   388.3  1123.9  3513.3  6395.4  30165.8    30145  1778017511041  1778017521146
read      265.5   261.0   101.3   151.8   162.8   222.9   252.8   271.7   287.2   307.0   336.2   409.8  1175.6  3616.0  6409.9  30134.6    30150  1778017522658  1778017532763
read      263.8   262.6   101.3   151.1   162.1   221.0   250.9   269.5   284.6   304.5   334.2   407.2  1150.2  3737.8  6386.3  30161.3    30155  1778017534276  1778017544380
read      270.7   273.6   101.3   153.5   164.9   225.8   255.8   274.5   290.7   311.0   341.1   424.9  1194.1  3750.4  6404.6  30053.8    30160  1778017545893  1778017556001
read      266.9   259.5   109.4   153.7   164.6   224.9   255.0   274.0   290.0   310.0   339.0   414.2  1103.3  3683.6  6389.0  30257.6    30165  1778017557514  1778017567617
read      297.4   397.3   101.3   151.9   162.4   221.6   253.9   275.0   293.9   318.5   362.7   542.5  2536.8  5072.2  6444.6  30170.6    30170  1778017569130  1778017579235
read      323.2   430.5   101.3   160.8   173.1   243.2   280.8   306.1   326.0   355.5   405.5   548.9  2969.0  5436.7  7121.4  30175.0    30175  1778017580746  1778017590849
read      327.7   423.7   101.3   162.4   175.6   247.8   286.4   312.2   333.6   365.0   423.3   583.9  2895.3  5790.4  6453.6  30210.5    30180  1778017592360  1778017602466
read      315.4   402.1   101.3   162.7   175.0   241.4   276.4   300.3   319.1   346.2   396.7   542.5  2781.0  5041.8  6960.8  30133.4    30185  1778017603978  1778017614084
read      301.9   397.8   109.4   160.8   171.1   231.1   264.2   285.4   302.4   324.1   362.4   481.5  2765.8  5038.1  6454.7  30162.4    30190  1778017615595  1778017625699
read      301.0   404.3   101.3   156.9   167.9   228.9   262.0   283.8   301.7   324.9   364.4   489.4  2792.4  5035.5  6458.7  30103.2    30195  1778017627210  1778017637315
read      306.5   388.5   109.4   160.8   172.2   237.4   272.2   295.5   314.6   340.2   382.6   502.7  2571.6  4949.1  6438.1  30156.3    30200  1778017638826  1778017648926
read      317.7   419.3   101.3   161.4   173.8   241.5   277.3   301.7   320.5   347.7   398.2   535.6  2855.9  5465.8  7845.8  30189.6    30205  1778017650437  1778017660543
read      301.0   398.4   101.3   156.5   167.6   228.4   261.1   283.0   301.0   324.8   365.3   502.2  2717.3  5020.4  6443.2  30201.9    30210  1778017662056  1778017672162
read      296.0   376.0   101.3   160.1   172.0   236.3   270.7   293.2   311.2   334.0   368.6   440.0  2148.8  4996.3  6428.0  30153.2    30215  1778017673674  1778017683778
