#type       avg     std     min      p5     p10     p50     p67     p75     p80     p85     p90     p95     p99    p999   p9999      QPS   target       ts_start         ts_end
read      224.1    94.8    86.8   132.0   144.4   213.1   245.4   264.0   276.8   292.8   313.1   344.0   428.7   798.9  3221.0  29983.8    30000  1777755818858  1777755829029
read      265.3   251.0    86.8   145.0   158.2   229.5   265.6   286.7   302.3   321.2   350.2   409.8  1016.7  3557.3  6383.4  30012.9    30005  1777755830547  1777755840674
read      264.7   281.4    86.8   146.6   159.6   231.0   266.5   287.0   302.3   320.6   346.8   398.1   739.1  4278.7  7224.6  29956.6    30010  1777755842186  1777755852306
read      266.0   258.7    86.8   145.7   158.9   230.6   266.6   287.2   302.4   320.7   347.9   402.7   985.3  3715.5  6408.0  29999.3    30015  1777755853820  1777755863931
read      254.5   220.9    86.8   145.2   157.9   227.4   262.1   282.3   296.7   315.4   340.6   387.3   611.7  3541.2  6395.1  29943.1    30020  1777755865446  1777755875548
read      247.8   150.2    93.8   147.3   159.8   229.9   264.4   284.1   298.1   315.9   339.5   378.6   514.2  2087.2  5226.2  30052.9    30025  1777755877062  1777755887173
read      246.0   148.1    93.8   144.6   157.4   227.4   261.5   281.0   295.0   312.8   336.3   375.2   521.8  2180.0  5079.3  30047.6    30030  1777755888687  1777755898805
read      254.7   172.0    93.8   147.8   160.9   234.6   270.1   290.2   305.0   321.9   346.2   391.7   554.5  2700.3  6267.9  30093.2    30035  1777755900318  1777755910449
read      253.8   172.4    93.8   146.6   159.6   232.6   268.5   288.9   303.9   321.4   346.3   393.6   564.1  2540.7  6129.5  30014.1    30040  1777755911968  1777755922078
read      246.8   140.2    86.8   142.6   155.8   229.1   265.0   285.4   299.8   317.7   341.6   382.1   509.2  2283.5  4875.2  30016.4    30045  1777755923594  1777755933704
read      250.9   118.4    86.8   147.4   160.6   235.2   272.4   293.3   308.6   326.2   349.6   389.7   494.0  1508.2  4174.1  30111.6    30050  1777755935217  1777755945320
read      245.7   168.5    86.8   141.8   154.3   224.9   259.2   279.2   293.9   312.1   336.3   377.9   539.0  2978.9  6127.1  30030.5    30055  1777755946834  1777755956945
read      252.2   151.4    93.8   145.8   159.2   233.7   269.9   290.4   305.5   323.0   347.5   393.2   536.1  2217.1  5940.0  30055.7    30060  1777755958459  1777755968610
read      244.5   144.3    93.8   144.5   156.9   226.6   261.0   280.6   295.0   312.9   336.0   372.9   496.9  2263.1  5008.8  30164.4    30065  1777755970130  1777755980244
read      250.3   184.9    93.8   146.2   159.0   228.8   263.1   283.2   297.4   315.7   339.9   380.0   524.2  3068.8  6340.8  30070.4    30070  1777755981759  1777755991871
read      247.9    99.8    86.8   149.5   163.0   237.0   271.4   290.5   304.2   319.5   340.7   372.6   451.9   859.2  3374.0  30064.8    30075  1777755993386  1777756003486
read      243.7   103.1    93.8   147.8   161.1   231.9   264.9   283.5   296.7   313.2   334.5   368.4   455.6  1054.5  3825.4  30082.2    30080  1777756004998  1777756015106
read      236.5    97.4    86.8   142.2   154.4   223.7   257.9   277.6   292.1   309.1   330.5   365.1   445.5   743.5  3760.2  30104.9    30085  1777756016619  1777756026747
read      241.1   114.8    93.8   147.1   160.1   228.4   260.8   279.1   292.8   309.3   330.2   364.7   451.9  1165.1  4733.1  30090.9    30090  1777756028264  1777756038376
read      238.3   142.4    93.8   145.1   157.7   224.6   257.0   275.8   290.2   306.8   327.7   362.2   447.8  1174.6  4855.8  30157.5    30095  1777756039893  1777756050010
read      245.0   114.9    93.8   147.6   160.5   230.4   264.1   283.4   296.9   314.4   337.0   372.9   486.5  1378.8  4195.1  30104.0    30100  1777756051523  1777756061634
read      260.5   202.8    93.8   149.5   162.1   233.3   268.6   288.9   303.8   320.9   345.8   393.9   753.9  3222.6  6145.5  30040.5    30105  1777756063147  1777756073258
read      276.6   282.5   101.3   149.8   163.6   241.3   277.6   298.2   314.0   333.4   361.1   418.6   863.4  4270.0  7965.8  30036.8    30110  1777756074771  1777756084876
read      244.5   132.3    93.8   146.1   158.7   228.7   262.2   281.2   294.7   311.7   333.6   369.7   492.5  1994.7  5330.0  30123.2    30115  1777756086390  1777756096494
read      245.7   158.6    93.8   144.3   156.7   227.4   261.8   281.2   295.2   312.5   335.0   372.3   516.4  2299.8  6602.2  30090.1    30120  1777756098006  1777756108113
read      237.1   116.9    93.8   143.0   155.0   222.4   255.2   274.2   288.7   305.5   327.1   363.3   460.7  1477.8  3886.2  30073.8    30125  1777756109627  1777756119730
read      242.6   117.9    93.8   148.6   160.9   228.0   260.0   278.4   292.2   308.6   329.7   364.6   468.9  1707.6  4232.8  30060.5    30130  1777756121242  1777756131347
read      243.6   148.8    93.8   143.1   155.5   225.5   260.3   280.3   294.7   312.5   335.5   371.5   496.5  2146.8  6219.5  30188.2    30135  1777756132860  1777756142962
read      248.4   130.8    86.8   147.7   160.8   233.4   268.0   287.6   301.7   318.0   340.6   376.0   483.9  1770.1  5218.8  30156.3    30140  1777756144473  1777756154579
read      256.9   149.7    93.8   147.0   161.3   238.4   273.8   294.1   309.4   327.2   351.2   394.8   567.9  2285.2  4961.3  30181.3    30145  1777756156091  1777756166196
read      241.5   148.1    86.8   143.2   155.3   223.4   256.7   275.8   290.6   308.0   330.5   367.8   497.6  2265.9  5252.8  30095.1    30150  1777756167710  1777756177812
read      249.1   126.0    93.8   148.2   161.8   234.8   268.6   287.6   301.1   317.2   339.0   373.2   482.8  1788.7  4299.9  30196.9    30155  1777756179324  1777756189426
read      247.9   187.3    86.8   145.3   157.3   223.8   256.1   274.7   289.4   306.6   329.3   369.6   635.2  3109.0  6047.9  30173.1    30160  1777756190939  1777756201045
read      243.1   100.7    86.8   146.3   159.6   230.6   263.6   282.3   295.7   312.6   334.3   369.7   465.2  1229.3  3307.2  30098.6    30165  1777756202559  1777756212670
read      244.5   119.8    86.8   147.3   160.5   232.4   265.5   283.9   296.8   313.1   333.9   366.9   450.1  1356.2  4820.5  30248.6    30170  1777756214181  1777756224286
read      243.7    91.5    93.8   149.6   162.1   231.8   265.4   284.2   297.3   314.1   335.6   369.2   453.3   854.9  2796.7  30191.9    30175  1777756225800  1777756235904
read      245.2   100.7    93.8   149.1   162.4   233.7   267.0   285.7   298.9   315.1   336.2   369.3   453.5  1042.7  3684.7  30137.3    30180  1777756237416  1777756247520
read      248.7   110.5    86.8   145.0   158.9   236.2   271.2   290.8   305.0   320.9   343.5   380.4   477.9  1275.3  3915.4  30180.1    30185  1777756249033  1777756259141
read      241.9    99.0    93.8   144.5   157.4   230.4   265.1   284.5   297.8   314.5   335.7   369.0   453.7   835.0  3377.8  30183.7    30190  1777756260653  1777756270760
read      256.3   230.2    93.8   143.8   155.8   224.4   258.9   279.2   294.4   313.5   339.6   391.9   850.2  3551.3  6200.1  30176.9    30195  1777756272274  1777756282380
read      248.2   219.9    93.8   141.0   152.4   219.9   254.0   274.3   290.2   309.1   334.3   378.4   643.1  3757.5  6295.9  30257.2    30200  1777756283893  1777756293996
read      253.6   157.6    86.8   148.9   161.9   234.0   268.4   288.1   302.4   319.3   342.7   384.6   572.9  2338.5  5191.1  30243.9    30205  1777756295511  1777756305621
read      258.3   163.9    93.8   147.5   161.1   238.4   274.8   295.5   311.1   329.3   354.1   396.9   579.5  2557.5  6124.0  30314.5    30210  1777756307134  1777756317239
read      244.2   144.1    93.8   144.9   157.3   225.9   259.1   278.3   292.8   310.3   333.3   371.2   519.3  2313.6  4820.9  30166.0    30215  1777756318755  1777756328861
read      246.3   130.9    93.8   145.0   158.5   230.3   263.9   283.0   296.7   314.1   336.6   373.0   506.5  2004.3  4737.3  30269.3    30220  1777756330372  1777756340478
read      238.1   155.3    86.8   138.4   150.8   219.7   253.7   273.5   288.7   306.4   329.2   367.1   499.0  2063.6  7422.0  30228.4    30225  1777756341992  1777756352096
read      246.7   124.1    93.8   142.5   155.5   230.7   267.1   287.8   302.5   319.2   342.7   380.7   508.2  1846.0  4340.7  30216.1    30230  1777756353613  1777756363722
read      261.1   235.4    93.8   145.2   158.4   232.7   269.6   291.1   307.1   325.8   352.8   404.7   720.6  3418.2  9616.4  30249.9    30235  1777756365235  1777756375475
read      260.7   191.2    86.8   147.0   161.1   238.9   275.6   296.7   312.9   332.1   358.1   403.2   633.7  2414.8  8684.1  30304.3    30240  1777756376988  1777756387202
read      250.1   208.7    86.8   145.6   157.5   225.2   259.8   280.2   295.6   314.4   339.1   384.6   634.2  2801.5  8616.1  30140.5    30245  1777756388718  1777756398920
read      252.7   144.4    93.8   147.2   161.0   235.6   271.2   291.4   306.2   322.8   345.7   385.2   518.5  2132.3  5065.9  30327.5    30250  1777756400433  1777756410540
read      240.9   103.1    93.8   148.4   160.7   227.4   259.7   278.0   292.0   308.5   329.6   364.3   460.9  1380.6  3175.7  30358.7    30255  1777756412053  1777756422158
read      242.4    96.7    93.8   143.8   156.4   228.7   264.9   285.5   300.2   317.6   340.3   374.9   466.4  1051.8  3167.8  30227.2    30260  1777756423670  1777756433774
read      241.1    99.2    93.8   145.3   158.4   228.5   262.2   281.5   295.7   313.2   335.3   369.1   449.3   896.3  4114.4  30241.8    30265  1777756435287  1777756445390
read      241.6    94.8    93.8   146.4   159.3   229.5   263.4   282.8   296.6   313.8   335.8   369.6   451.5   850.8  3255.3  30285.6    30270  1777756446903  1777756457008
read      241.8   115.8    93.8   146.2   159.1   228.6   261.3   279.9   293.5   310.1   331.2   365.5   454.6  1686.3  4181.5  30289.9    30275  1777756458521  1777756468625
