#type       avg     std     min      p5     p10     p50     p67     p75     p80     p85     p90     p95     p99    p999   p9999     QPS   target
read      365.6   420.9   101.3   171.9   189.6   264.0   298.4   325.2   350.8   403.6   592.4  1028.9  1983.6  7112.5  9880.5   4981.0     5000
read      435.0   480.4    86.8   173.1   199.5   295.6   343.7   384.4   435.6   555.9   996.4  1161.4  2116.7  7443.9  8152.4   9959.4    10000
read      511.5   579.2    86.8   160.8   197.4   325.8   397.3   465.5   553.5   992.3  1104.0  1521.5  2194.4  7761.7  9571.8  14968.6    15000
read      559.1   573.2    86.8   157.9   194.0   355.8   453.9   555.4   969.3  1071.5  1183.3  1580.3  2205.9  7667.5  9805.7  19889.0    20000
read      699.4   700.7    86.8   166.7   207.6   434.5   628.9  1027.5  1111.6  1266.7  1480.2  2106.5  2420.1  7899.6 10043.8  24957.8    25000
read     2735.2  1539.5   101.3   945.2  1023.2  3064.1  3234.1  3373.9  3461.3  3710.0  4124.5  5198.4  7960.7  9715.3 12410.6  25843.0    30000
read     2823.1  1568.7   148.8   953.1  1035.3  3087.9  3305.0  3444.2  3592.0  3840.3  4248.6  5458.5  7974.0  9684.7 12752.8  25110.2    35000
read     2677.1  1536.2   118.1   911.5   989.2  3032.1  3196.2  3324.9  3433.4  3667.4  4044.3  5015.7  7949.3  9703.1 12893.8  26506.5    40000
read     2626.6  1515.5   109.4   914.3   986.3  3016.2  3167.7  3251.6  3379.0  3580.3  4038.3  4752.9  7943.5  9921.7 12896.9  26950.3    45000
read     2630.4  1542.9   101.3   886.5   965.3  3004.3  3173.5  3284.2  3407.8  3665.2  4039.9  4810.6  7954.8 10140.7 15983.3  26952.1    50000
read     2623.7  1553.2   127.6   877.0   962.0  2999.4  3173.9  3289.1  3411.6  3646.1  4026.7  4791.5  7961.2 10660.9 15557.3  27012.8    55000
read     2839.7  1573.9   118.1   952.7  1050.2  3101.6  3321.9  3445.8  3575.5  3783.8  4193.5  5405.3  8017.4 10357.2 14782.5  25063.0    60000
read     2750.6  1537.8   148.8   931.1  1022.9  3065.2  3248.7  3387.6  3474.4  3721.5  4141.1  5187.6  7961.6  9810.2 12880.7  25761.2    65000
read     2672.4  1538.4   160.7   915.7   991.8  3032.7  3190.1  3312.0  3427.4  3683.8  4057.8  4897.9  7959.5 10063.6 13818.1  26536.0    70000
read     2756.4  1559.4   218.6   932.9  1010.6  3070.1  3238.3  3385.0  3476.7  3750.8  4152.7  5242.6  7978.2  9934.1 12806.8  25874.0    75000
read     2769.0  1532.5   173.5   973.6  1052.5  3083.6  3254.8  3379.1  3456.8  3681.7  4151.8  5216.2  7967.6  9741.1 13343.6  25719.4    80000
Warning! Detected max cpu usage > 95%
CPU Usage Stats (avg/min/max): 66.53%,1.00%,100.00%
