#type       avg     std     min      p5     p10     p50     p67     p75     p80     p85     p90     p95     p99    p999   p9999     QPS   target
read      394.7   542.3    86.8   167.1   185.1   255.4   287.5   310.8   333.7   375.2   960.2  1088.4  2103.8  7642.0  9862.6   5028.0     5000
read      450.5   540.5    93.8   169.6   196.2   286.5   330.0   365.0   405.6   682.4  1048.8  1237.1  2142.0  7576.7  9402.8  10063.6    10000
read      518.1   586.6    86.8   163.6   196.2   319.4   383.9   452.4   560.1  1032.9  1126.3  1651.6  2188.5  7738.3  8454.7  15030.8    15000
read      580.2   608.0    86.8   157.8   194.1   359.3   461.7   587.6  1014.2  1088.2  1246.4  1713.6  2275.9  7746.7  9430.8  19961.4    20000
read      732.5   750.9    86.8   166.9   212.5   449.1   674.5  1039.7  1138.8  1315.3  1559.8  2149.3  2663.7  8010.4 10109.0  25102.6    25000
read     2584.5  1528.6    93.8   854.6   965.5  3011.5  3176.4  3281.7  3391.6  3541.6  4006.5  4744.5  7926.0  9429.2 12020.9  26578.9    30000
read     2688.8  1529.4   187.4   942.4  1017.8  3050.9  3200.7  3317.9  3414.5  3590.2  4054.6  4903.4  7971.5 10030.6 14713.2  26306.0    35000
read     2694.7  1528.3   118.1   944.1  1010.0  3045.8  3204.7  3331.3  3429.2  3650.0  4083.2  5040.0  7954.0  9650.5 13241.1  26334.2    40000
read     2774.2  1530.7   118.1   975.6  1050.5  3085.8  3266.5  3390.6  3468.2  3672.0  4085.8  5287.3  7968.1  9805.8 13875.6  25565.6    45000
read     2713.5  1522.7   202.4   954.5  1027.3  3060.0  3212.9  3337.6  3427.6  3613.7  4079.6  5007.5  7962.0  9969.9 13768.3  26099.2    50000
read     2833.5  1540.6   137.8   988.1  1068.6  3111.1  3309.7  3427.0  3518.7  3732.1  4164.9  5363.2  7984.8 10056.8 13314.3  25059.0    55000
read     2672.2  1527.1   187.4   945.9  1019.4  3042.2  3187.5  3290.3  3395.3  3546.4  4062.7  4940.6  7960.7 10011.0 14110.2  26556.0    60000
read     2532.4  1502.9   137.8   884.9   951.8  2955.4  3130.4  3202.6  3293.2  3470.4  3956.4  4492.0  7918.6  9570.9 12320.3  27920.0    65000
read     2602.9  1520.8   218.6   916.6   980.6  3006.1  3156.7  3227.6  3354.8  3494.6  3994.6  4733.0  7945.7  9877.1 13459.0  27281.8    70000
read     2585.1  1511.9   118.1   915.4   980.1  3005.7  3148.0  3214.9  3322.7  3476.7  3983.9  4568.4  7943.7  9970.9 13564.6  27441.0    75000
read     2544.7  1520.0   148.8   890.6   954.4  2978.2  3129.8  3196.8  3262.1  3454.5  3943.8  4477.1  7954.7  9914.7 12618.3  27949.7    80000
Warning! Detected max cpu usage > 95%
CPU Usage Stats (avg/min/max): 66.26%,1.00%,100.00%
