#type       avg     std     min      p5     p10     p50     p67     p75     p80     p85     p90     p95     p99    p999   p9999     QPS   target
read      387.5   527.3    93.8   167.4   183.5   251.5   281.5   303.9   324.8   363.5   948.3  1085.1  2086.4  7589.8  8105.1   4938.6     5000
read      473.7   609.7    93.8   170.9   197.6   291.0   338.3   376.4   430.4   954.0  1063.0  1375.7  2161.7  7889.5  9830.0  10025.0    10000
read      515.6   587.7    86.8   160.2   195.8   320.9   385.7   450.4   546.2  1028.2  1120.3  1642.3  2183.7  7798.7  9717.0  15057.8    15000
read      553.6   574.0    80.4   156.0   189.7   344.7   438.0   538.2   977.5  1070.5  1182.5  1633.8  2197.0  7594.6  8121.6  20004.9    20000
read      735.1   774.9    86.8   168.4   209.5   437.3   666.4  1041.9  1132.1  1294.2  1573.5  2162.1  3040.5  7980.2 10183.2  24942.2    25000
read     2677.8  1536.4   118.1   926.3  1004.0  3038.3  3195.1  3314.5  3417.7  3627.4  4055.3  5009.6  7957.1  9823.4 13188.4  26417.2    30000
read     2661.6  1526.4   109.4   925.1   998.5  3030.3  3180.3  3284.3  3407.0  3661.6  4067.9  5036.3  7943.2  9597.8 11750.1  26605.6    35000
read     2642.3  1526.2   109.4   933.2   996.5  3032.5  3178.2  3270.7  3383.3  3519.9  4023.6  4861.8  7953.6  9778.2 13697.0  26878.8    40000
read     2736.7  1532.6   109.4   968.6  1042.2  3067.4  3216.9  3343.9  3433.1  3636.1  4126.7  5192.1  7973.3  9935.8 12789.4  25965.0    45000
read     2589.2  1503.4   187.4   910.4   978.4  3007.2  3149.9  3217.0  3329.3  3481.2  4005.7  4643.1  7928.0  9525.7 11367.3  27352.6    50000
read     2655.5  1527.5   218.6   923.7   995.5  3035.4  3188.8  3299.0  3403.8  3590.4  4045.7  4862.0  7948.2  9983.3 15505.7  26686.4    55000
read     2562.7  1517.2   187.4   897.5   963.6  2987.1  3138.3  3207.8  3306.9  3476.6  3975.3  4493.6  7945.4 10024.5 14539.2  27675.0    60000
read     2647.3  1524.5   160.7   930.8   999.0  3027.0  3176.3  3270.7  3388.6  3579.7  4052.1  4866.5  7952.1  9901.2 13331.0  26768.0    65000
read     2577.8  1532.0   187.4   874.9   955.4  2973.0  3148.6  3225.8  3361.1  3569.6  3991.3  4619.7  7943.5 10126.5 14922.4  27498.0    70000
read     2618.7  1523.8   173.5   894.3   971.4  3011.1  3169.4  3264.0  3390.8  3621.4  4024.4  4795.1  7943.9  9775.9 12613.9  27049.0    75000
read     2645.3  1509.9   160.7   916.7   990.1  3030.7  3184.2  3289.9  3397.3  3567.0  4024.9  4791.6  7933.5  9661.4 12773.6  26756.2    80000
Warning! Detected max cpu usage > 95%
CPU Usage Stats (avg/min/max): 65.83%,0.50%,100.00%
