#type       avg     std     min      p5     p10     p50     p67     p75     p80     p85     p90     p95     p99    p999   p9999     QPS   target
read      436.3   629.7   101.3   176.4   194.6   271.5   311.4   342.2   373.6   461.1  1003.7  1141.6  2159.4  7924.2  9407.5   4978.8     5000
read      467.3   575.1    93.8   173.5   199.9   293.9   341.2   380.6   431.6   947.5  1060.3  1270.0  2153.3  7784.4  9750.7   9967.8    10000
read      522.6   596.5    86.8   161.2   195.9   321.8   386.3   448.6   561.1  1038.2  1138.8  1689.6  2191.9  7759.2  8841.5  14981.2    15000
read      562.5   589.5    86.8   155.5   192.2   353.1   443.9   544.8   985.7  1080.3  1200.3  1653.8  2199.9  7627.5  9870.0  20034.2    20000
read      730.5   770.2    86.8   166.7   208.7   435.1   644.9  1040.6  1127.6  1285.2  1544.7  2156.0  3280.6  7934.8  9378.8  24935.4    25000
read     2620.9  1519.3   109.4   909.8   983.6  3017.3  3169.5  3257.2  3382.2  3563.1  4012.4  4751.0  7946.3  9818.7 13515.5  26839.1    30000
read     2560.3  1512.0   118.1   893.7   961.9  2982.6  3140.1  3211.3  3319.6  3484.7  3975.3  4564.7  7931.3  9852.4 13038.5  27625.2    35000
read     2598.5  1501.4   118.1   922.8   988.8  3016.6  3154.3  3219.1  3331.1  3477.0  4005.3  4680.3  7926.6  9601.8 12958.3  27177.5    40000
read     2573.8  1504.8   297.4   904.4   968.1  3004.2  3147.3  3214.7  3323.8  3480.3  3976.9  4518.5  7931.5  9543.5 13592.3  27524.2    45000
read     2673.8  1521.2   187.4   933.3  1006.0  3041.5  3196.0  3311.8  3410.9  3580.2  4036.3  4888.7  7948.0  9860.5 14768.2  26511.7    50000
read     2643.9  1547.2   118.1   925.9   993.1  3028.5  3168.7  3240.2  3374.4  3588.9  4063.6  4836.5  7965.4 11127.9 15039.0  26839.6    55000
read     2638.8  1525.0   275.4   922.2   992.1  3024.7  3172.9  3261.1  3382.1  3567.8  4047.8  4944.4  7944.7  9603.7 12790.5  26882.6    60000
read     2710.6  1521.8   148.8   953.6  1026.3  3061.5  3212.8  3338.7  3430.2  3631.3  4102.5  5021.0  7956.3  9927.9 13249.0  26130.4    65000
read     2825.4  1543.0   148.8   983.9  1064.8  3106.6  3301.7  3421.0  3506.4  3750.0  4199.7  5345.2  7978.9 10009.4 13651.5  25152.0    70000
read     2747.8  1541.6   109.4   949.9  1022.9  3071.0  3231.4  3370.0  3457.0  3709.8  4136.0  5187.8  7964.7  9766.4 12785.6  25905.5    75000
read     2734.7  1552.0   275.4   949.8  1023.6  3063.2  3221.8  3357.8  3448.9  3665.1  4071.9  5109.1  7988.4 10239.0 14765.0  26065.4    80000
Warning! Detected max cpu usage > 95%
CPU Usage Stats (avg/min/max): 66.50%,1.00%,100.00%
