#type       avg     std     min      p5     p10     p50     p67     p75     p80     p85     p90     p95     p99    p999   p9999     QPS   target
read      412.9   589.4    86.8   168.6   186.3   259.4   294.1   321.7   352.5   419.5   975.6  1105.1  2127.7  7891.6  9624.2   4967.2     5000
read      483.4   600.7    86.8   170.0   197.6   296.0   349.1   397.5   465.4   968.2  1079.2  1522.5  2170.8  7887.6  9492.2  10027.0    10000
read      636.6   767.9    86.8   165.4   206.8   356.1   476.4   661.6  1030.3  1126.5  1371.1  2082.1  3107.4  8007.4  9880.9  14858.2    15000
read      597.3   636.0    93.8   162.2   197.0   366.1   472.2   632.1  1031.5  1111.0  1272.4  1874.3  2324.7  7809.0  8455.8  20054.6    20000
read     1146.9  1249.8    86.8   185.6   240.4   612.3  1136.7  1386.8  1741.2  2282.6  3028.1  3412.2  6566.1  8835.9 13902.9  24894.0    25000
read     2710.8  1537.8   101.3   937.6  1015.7  3053.5  3213.7  3342.8  3434.3  3636.4  4066.2  5071.7  7969.6  9793.9 12592.1  26121.8    30000
read     2653.8  1526.5   137.8   925.1   996.0  3035.4  3181.2  3278.7  3392.1  3571.9  4061.9  4832.5  7969.9 10085.1 13292.5  26708.4    35000
read     2595.1  1528.2   118.1   897.9   968.2  3001.3  3154.0  3225.8  3346.1  3478.7  3995.1  4836.2  7947.9  9714.7 12961.2  27385.5    40000
read     2660.8  1530.0   137.8   927.6  1000.9  3038.1  3182.1  3280.3  3395.6  3601.3  4065.8  4942.0  7955.4  9886.9 12887.0  26662.0    45000
read     2803.4  1565.1   137.8   947.9  1021.0  3089.5  3291.8  3420.2  3519.1  3753.3  4153.3  5359.8  7989.6  9894.6 13807.6  25369.2    50000
read     2759.6  1537.7   148.8   948.1  1027.1  3074.5  3245.9  3384.5  3471.1  3717.9  4127.3  5230.5  7962.3  9847.7 13593.8  25689.0    55000
read     2642.9  1515.3   148.8   929.9  1000.7  3027.0  3179.3  3277.7  3385.8  3509.1  4026.2  4744.8  7949.5 10064.9 13996.5  26809.4    60000
read     2599.7  1516.6   218.6   909.4   975.8  3007.0  3153.0  3221.8  3347.6  3544.0  4026.0  4692.6  7935.1  9962.3 14166.4  27274.0    65000
read     2577.5  1517.1   202.4   890.3   959.0  2998.1  3146.5  3216.4  3327.2  3475.8  3980.6  4652.3  7944.1  9673.5 13074.7  27540.0    70000
read     2522.9  1515.3   118.1   871.6   944.3  2933.1  3124.1  3198.6  3284.4  3470.9  3951.2  4391.6  7925.5 10585.5 14321.9  27978.3    75000
read     2711.8  1554.9   173.5   911.0   995.0  3044.7  3217.3  3363.7  3464.3  3750.5  4119.3  5108.2  7977.7 10078.1 13112.9  26184.5    80000
Warning! Detected max cpu usage > 95%
CPU Usage Stats (avg/min/max): 66.53%,0.50%,100.00%
