#type       avg     std     min      p5     p10     p50     p67     p75     p80     p85     p90     p95     p99    p999   p9999     QPS   target
read      297.5   115.6   109.4   186.9   205.4   286.5   321.1   340.3   354.1   370.1   394.6   436.2   524.7  1134.1  5340.2   4970.6     5000
read      319.9   110.8   101.3   180.7   209.0   310.4   348.5   369.8   386.8   406.5   436.6   484.1   574.9  1081.4  3882.6  10027.8    10000
read      341.6   135.6    93.8   167.5   196.2   332.1   378.4   407.2   429.8   456.3   488.4   534.0   649.9  1075.8  4480.7  15051.8    15000
read      347.6   160.0    93.8   161.9   185.6   336.4   390.8   422.8   446.3   472.8   503.8   548.5   677.6  2077.6  4138.5  19946.9    20000
read      356.6   149.2    93.8   155.4   178.0   348.7   413.6   450.0   473.9   500.7   532.8   581.9   692.0  1006.4  3549.0  25165.1    25000
read      356.9   150.6    93.8   156.8   178.1   345.4   415.4   453.9   479.3   506.2   539.5   592.4   730.8  1060.9  3545.7  30031.2    30000
read      375.8   216.1    86.8   157.7   179.5   352.3   432.3   473.8   501.2   532.6   572.8   641.0   849.7  2771.3  7369.1  34993.9    35000
read      533.6   516.8    86.8   163.6   192.4   407.2   509.3   570.4   630.1   739.8  1072.1  1475.5  2274.4  7653.0  8796.1  39834.4    40000
read     1731.0   960.1   148.8  1087.3  1182.9  1574.5  1694.0  1755.3  1820.6  1885.9  2040.6  2944.2  7734.0  8869.9 14415.4  40298.6    45000
read     1776.1   982.3   109.4  1141.6  1242.2  1579.0  1710.4  1796.2  1864.3  1977.2  2221.6  3001.9  7755.6  9461.3 14138.3  39590.8    50000
read     1815.0   998.5   137.8  1191.5  1283.2  1600.3  1731.9  1823.9  1887.5  2008.6  2302.3  3081.6  7785.3  9346.4 12313.6  38882.4    55000
read     1814.7   983.5   137.8  1220.5  1307.1  1610.5  1731.0  1816.3  1876.1  1980.7  2172.8  3061.5  7767.8  9557.2 14351.5  38787.6    60000
read     1813.3   979.9   173.5  1218.9  1302.5  1606.9  1724.1  1803.1  1862.1  1961.6  2176.3  3092.0  7777.0  9010.5 10733.2  38923.6    65000
read     1767.9   962.2   202.4  1215.8  1295.3  1574.5  1686.3  1744.4  1812.6  1882.7  2044.8  2967.7  7753.9  9347.1 12925.2  39872.9    70000
read     1827.7   982.0   187.4  1220.2  1306.1  1621.5  1742.7  1828.4  1883.1  1990.3  2214.3  3111.0  7782.9  8869.1 11930.4  38583.7    75000
read     1822.8   971.6   437.0  1254.6  1330.3  1621.4  1735.1  1816.8  1872.4  1968.4  2140.2  3058.1  7782.9  9085.9 11809.8  38696.6    80000
Warning! Detected max cpu usage > 95%
CPU Usage Stats (avg/min/max): 66.16%,0.00%,100.00%
