#type       avg     std     min      p5     p10     p50     p67     p75     p80     p85     p90     p95     p99    p999   p9999     QPS   target
read      301.2   210.8   101.3   186.3   205.1   284.1   317.8   338.0   352.7   370.1   395.5   437.2   539.6  3625.6  7923.2   5013.6     5000
read      326.7   120.8   101.3   180.3   210.5   316.6   357.0   379.6   397.4   420.1   450.7   497.3   587.8   901.1  4746.9  10012.6    10000
read      337.1   118.0    93.8   171.5   199.0   329.4   374.3   401.4   423.0   448.6   480.5   523.4   622.0   869.0  3033.4  14981.6    15000
read      358.1   133.2    93.8   159.7   185.8   352.0   410.2   443.7   467.8   494.1   524.9   570.8   685.0   879.2  3111.5  20016.2    20000
read      366.8   165.7    93.8   161.4   184.5   355.1   422.9   460.0   484.9   510.9   544.4   600.3   740.1  1643.9  3565.9  24923.6    25000
read      378.7   159.2    86.8   157.9   181.5   367.5   444.8   483.9   508.7   538.0   576.9   641.0   789.7  1100.2  2572.1  29876.6    30000
read      381.4   175.6    86.8   155.5   178.9   364.0   446.7   487.7   514.8   546.2   588.4   658.7   839.0  1381.8  3688.6  34992.4    35000
read     1824.8  1015.9   118.1  1213.3  1302.2  1607.4  1733.1  1821.7  1882.1  1999.3  2284.5  3081.7  7810.8  9581.5 12758.8  38502.6    40000
read     1813.1   992.9   109.4  1222.1  1315.5  1621.6  1735.4  1815.2  1869.3  1959.3  2116.7  3082.4  7790.4  8719.9 12242.7  38735.2    45000
read     1883.5  1013.1   160.7  1282.7  1362.8  1675.0  1801.4  1875.4  1948.0  2028.4  2216.6  3168.9  7820.7  9337.9 12763.0  37514.6    50000
read     1930.1  1026.8   173.5  1287.0  1369.5  1705.7  1855.7  1954.3  2024.8  2147.9  2368.8  3204.6  7834.7  9296.3 12153.4  36720.4    55000
read     1855.6  1003.0   127.6  1257.4  1338.9  1649.5  1773.1  1855.7  1922.4  2010.3  2182.1  3112.4  7815.7  9731.0 12674.7  38066.1    60000
read     1976.2  1054.8   137.8  1313.3  1401.8  1738.3  1885.4  1987.9  2065.2  2184.2  2470.8  3326.1  7855.7  9451.3 13305.2  35971.0    65000
read     1889.7  1017.0   187.4  1190.0  1288.8  1695.3  1839.5  1930.3  2002.4  2107.0  2297.3  3168.4  7819.4  9191.6 12154.1  37440.2    70000
read     1991.2  1055.0   236.1  1306.4  1402.7  1760.5  1918.5  2012.0  2098.6  2211.6  2478.3  3362.3  7850.0  9401.2 12389.7  35699.2    75000
read     1888.9  1042.0   137.8  1167.2  1267.1  1699.1  1845.3  1934.7  2003.5  2103.5  2288.7  3188.0  7824.0  9644.9 14865.8  37491.8    80000
Warning! Detected max cpu usage > 95%
CPU Usage Stats (avg/min/max): 65.80%,0.00%,100.00%
