#type       avg     std     min      p5     p10     p50     p67     p75     p80     p85     p90     p95     p99    p999   p9999     QPS   target
read      322.9   110.0   101.3   194.3   217.5   311.0   349.5   370.9   388.4   409.0   438.2   490.3   581.0   864.5  3722.3   5025.0     5000
read      334.2   127.5    86.8   185.8   213.8   322.6   364.5   389.3   407.8   431.7   462.6   505.5   606.0  1465.8  4761.8   9933.4    10000
read      351.9   131.9    93.8   171.3   200.9   343.9   393.6   423.8   446.3   471.8   502.1   545.2   645.3   967.0  2879.1  15025.6    15000
read      366.9   172.2    93.8   163.2   188.4   355.4   416.8   452.2   475.9   501.8   534.7   586.3   728.7  2216.0  3873.0  19902.0    20000
read      388.9   236.0    86.8   161.1   185.4   371.4   446.2   483.5   507.8   537.5   577.4   644.1   845.9  2374.5  7883.8  25013.8    25000
read      389.7   271.3    86.8   157.2   180.3   369.5   449.5   488.9   514.7   544.9   586.6   653.7   862.5  2778.1 12226.6  30085.8    30000
read      407.1   216.0    93.8   160.7   185.1   382.2   471.0   514.2   544.0   582.0   632.0   717.0  1054.8  2035.4  5779.8  34914.8    35000
read      640.7   630.7    86.8   173.0   204.7   458.8   591.6   711.2   868.7  1138.0  1429.2  1679.0  2658.0  7879.1  8136.4  39831.0    40000
read     1847.0  1005.3   109.4  1244.3  1336.7  1653.8  1772.2  1847.5  1902.4  1992.0  2157.7  3130.1  7807.7  9425.9 12637.2  38076.4    45000
read     1795.7   979.4   118.1  1183.5  1273.3  1600.2  1733.1  1822.5  1882.6  1991.2  2181.0  3013.9  7775.3  8983.7 12483.5  39229.4    50000
read     1928.4  1066.3   160.7  1295.9  1385.2  1704.4  1837.0  1918.6  1991.1  2091.4  2297.4  3256.6  7852.8 10227.5 14988.1  36894.8    55000
read     1897.9  1028.2   148.8  1214.4  1307.4  1675.3  1838.0  1946.2  2029.3  2168.3  2451.0  3155.2  7815.8  9389.6 12598.3  37302.0    60000
read     1885.7  1020.1   173.5  1239.9  1335.7  1681.4  1815.9  1891.8  1966.6  2047.6  2252.9  3188.6  7818.1  9468.8 12786.6  37501.4    65000
read     1878.1  1027.4   148.8  1267.2  1344.1  1660.4  1790.3  1871.0  1946.5  2032.4  2258.7  3155.5  7828.7  9755.6 12894.1  37812.2    70000
read     1922.9  1027.8   275.4  1294.6  1377.7  1698.6  1840.1  1929.7  2001.3  2108.2  2328.6  3218.6  7836.6  9078.7 11616.7  36958.0    75000
read     1905.9  1013.7   187.4  1299.6  1382.2  1692.7  1825.6  1901.8  1973.0  2053.6  2242.5  3194.5  7830.0  9131.1 11997.8  37191.6    80000
Warning! Detected max cpu usage > 95%
CPU Usage Stats (avg/min/max): 66.30%,0.50%,100.00%
