#type       avg     std     min      p5     p10     p50     p67     p75     p80     p85     p90     p95     p99    p999   p9999     QPS   target
read      332.9    99.2   109.4   200.1   224.2   321.2   361.9   384.1   400.1   423.5   456.8   504.0   620.9   873.9  1961.6   4992.6     5000
read      341.1   123.1   101.3   184.1   215.9   331.0   372.9   399.4   420.5   445.5   476.9   520.2   618.5  1007.8  3921.7   9976.6    10000
read      362.9   134.1    93.8   172.1   204.8   352.9   406.8   439.4   464.1   490.7   521.3   567.3   691.3  1264.2  2745.2  15007.6    15000
read      373.2   153.9    93.8   164.6   191.1   365.3   429.8   465.1   488.9   514.4   545.7   594.6   717.3  1201.2  4011.4  19996.9    20000
read      370.1   154.4    86.8   157.6   181.3   361.7   431.8   469.1   493.4   519.7   550.0   607.1   742.6  1376.0  3081.9  25019.8    25000
read      373.3   161.9    80.4   158.0   180.2   362.0   438.8   478.6   503.7   532.3   568.4   627.7   751.7  1117.7  4273.3  29806.7    30000
read      413.8   258.6    86.8   160.7   184.8   380.7   469.8   512.9   543.2   581.3   633.9   728.8  1291.6  2561.2  7852.3  34932.0    35000
read     1871.2  1017.8   109.4  1223.1  1338.2  1681.5  1814.5  1888.1  1962.8  2038.1  2223.1  3158.1  7814.1  8544.3 11137.4  37276.0    40000
read     1763.2   981.3   101.3  1096.1  1192.3  1612.6  1733.4  1812.9  1866.8  1956.4  2116.2  3010.9  7761.3  8879.7 11490.0  39413.6    45000
read     1786.5   990.0   101.3  1141.7  1242.6  1588.3  1720.9  1808.4  1872.2  1980.7  2226.1  3032.8  7774.5  9668.5 12132.2  39488.0    50000
read     1790.2   977.1   109.4  1183.9  1274.5  1593.2  1721.5  1805.7  1867.2  1966.5  2165.0  3041.9  7773.6  9195.5 12183.5  39309.6    55000
read     1792.5   971.6   148.8  1194.0  1280.3  1592.3  1721.3  1806.9  1869.6  1974.8  2177.2  3022.0  7766.8  9066.8 12380.3  39271.6    60000
read     1829.2   995.5   127.6  1229.3  1313.8  1619.6  1740.3  1825.7  1881.1  1983.4  2176.2  3107.0  7799.7  9704.6 12347.3  38639.4    65000
read     1743.2   962.5   137.8  1159.0  1244.8  1545.5  1668.6  1740.3  1816.5  1910.4  2146.2  2935.0  7737.9  9278.3 14334.7  40323.8    70000
read     1808.0   990.6   118.1  1198.4  1287.5  1601.6  1728.1  1815.6  1877.4  1983.8  2191.4  3061.0  7781.6  9439.9 11567.2  39077.8    75000
read     1829.9   987.6   127.6  1216.0  1309.4  1630.3  1746.8  1832.0  1885.2  1988.7  2185.3  3112.4  7779.1  9342.6 13480.5  38534.8    80000
Warning! Detected max cpu usage > 95%
CPU Usage Stats (avg/min/max): 66.67%,1.01%,100.00%
