#type       avg     std     min      p5     p10     p50     p67     p75     p80     p85     p90     p95     p99    p999   p9999     QPS   target
read      315.6   128.1   101.3   190.1   211.9   302.4   340.4   361.5   375.8   396.1   424.7   474.4   576.6  1749.9  4237.9   4979.0     5000
read      338.2   123.9   101.3   185.5   216.0   328.5   370.4   395.8   415.3   438.7   469.9   513.0   601.3  1058.4  4575.3   9952.0    10000
read      347.1   125.2    93.8   170.8   200.7   337.1   386.9   416.5   438.7   466.7   498.2   541.9   648.1  1063.8  2733.4  15099.6    15000
read      355.9   147.1    93.8   164.3   188.5   345.6   403.3   438.0   463.1   490.4   522.1   570.0   695.6  1257.1  4265.9  20035.0    20000
read      370.4   206.5    86.8   161.9   184.6   356.0   421.9   459.0   484.2   510.6   543.6   597.9   765.0  2639.2  7664.4  24898.2    25000
read      380.3   169.7    86.8   157.6   180.5   367.0   446.0   486.9   512.3   541.6   581.6   645.0   797.4  1249.9  3915.0  30077.4    30000
read      389.5   191.1    86.8   155.6   179.2   370.5   453.5   495.3   523.3   554.9   598.8   675.2   922.5  1792.2  3354.8  35051.2    35000
read     1564.1  1029.2    86.8   327.5   483.9  1532.8  1672.0  1744.1  1817.4  1897.7  2043.8  2851.4  7691.7  8827.5 11876.7  38929.8    40000
read     1816.2   986.2   101.3  1140.7  1240.6  1646.5  1772.9  1852.8  1916.5  2007.4  2175.1  3087.3  7771.7  9201.2 12144.4  38577.8    45000
read     1866.7  1006.6   187.4  1248.9  1335.1  1661.8  1792.9  1871.4  1943.0  2024.0  2204.7  3129.3  7806.5  9603.6 14573.7  37859.6    50000
read     1830.9   990.6   297.4  1153.2  1246.0  1658.8  1784.4  1858.3  1919.2  2002.2  2163.8  3096.2  7796.7  9066.5 10904.8  38571.8    55000
read     1861.1  1009.8   218.6  1248.0  1333.3  1658.3  1781.9  1857.6  1920.2  2005.7  2170.3  3146.1  7818.5  9578.4 12697.2  38113.8    60000
read     1843.5  1008.5   137.8  1144.8  1240.5  1667.2  1797.9  1872.8  1946.0  2029.6  2216.3  3130.8  7794.2  9141.0 13334.2  38330.6    65000
read     1835.7   983.3   202.4  1246.5  1330.4  1635.2  1750.0  1831.7  1882.7  1981.4  2158.4  3094.8  7788.7  9282.8 13374.7  38454.0    70000
read     1748.9   960.8   346.9  1100.1  1190.4  1567.8  1698.2  1778.5  1848.7  1948.8  2151.2  2977.3  7733.6  8891.8 12097.8  40231.2    75000
read     1833.6   992.6   218.6  1248.9  1331.1  1636.1  1740.6  1816.7  1866.5  1953.1  2112.7  3109.4  7806.7  8945.0 10649.4  38600.2    80000
Warning! Detected max cpu usage > 95%
CPU Usage Stats (avg/min/max): 65.86%,1.00%,100.00%
