#type       avg     std     min      p5     p10     p50     p67     p75     p80     p85     p90     p95     p99    p999   p9999     QPS   target
read      307.0   131.9    93.8   191.9   213.4   296.7   332.0   351.0   365.4   382.7   405.0   445.7   526.4   697.1  7857.7   4933.8     5000
read      334.4   105.3    93.8   184.8   218.2   326.0   366.3   390.5   408.2   431.1   463.2   505.5   584.3   807.9  3228.6  10059.0    10000
read      347.6   130.4    93.8   171.9   201.0   340.7   388.5   416.7   437.1   463.7   494.3   536.9   633.3   952.5  4129.3  14936.4    15000
read      370.5   185.4    93.8   163.6   190.1   358.9   419.6   454.4   478.1   503.5   535.9   587.2   735.8  2446.9  5975.0  20101.6    20000
read      371.6   170.2    86.8   160.3   183.8   360.5   427.6   465.0   489.6   515.8   548.1   606.6   754.9  1900.7  4168.4  25028.6    25000
read      383.7   214.1    93.8   158.4   181.0   363.8   439.8   480.6   506.8   537.6   577.7   641.8   868.7  2909.2  5130.6  29985.2    30000
read      377.4   176.7    86.8   155.6   178.7   362.7   441.7   483.3   510.0   541.2   581.4   644.2   781.3  1624.6  3811.9  34889.6    35000
read     1582.8  1033.8    93.8   306.7   477.1  1549.8  1690.4  1762.1  1831.6  1914.3  2057.5  2843.2  7707.5  8137.3 11852.8  39359.4    40000
read     1777.7   989.7   127.6  1123.0  1215.1  1614.1  1728.6  1802.5  1854.8  1932.9  2076.7  3020.1  7774.9  9564.4 14566.4  39574.2    45000
read     1782.3   957.8   160.7  1223.4  1302.7  1592.0  1703.0  1765.3  1826.3  1888.9  2031.6  3011.1  7762.6  8827.3 10911.4  39525.8    50000
read     1782.6   975.3   160.7  1219.2  1299.9  1584.1  1697.0  1759.5  1825.8  1900.2  2086.8  3019.8  7773.1  9562.7 13470.6  39556.4    55000
read     1801.2   978.4   148.8  1238.8  1315.4  1597.7  1710.1  1779.1  1840.2  1919.7  2089.8  3051.9  7791.4  8783.8 10381.5  39298.4    60000
read     1823.4   974.0   148.8  1258.2  1331.2  1626.2  1735.6  1810.6  1861.3  1945.4  2111.7  3086.2  7781.5  9491.6 11932.3  38664.2    65000
read     1831.8  1014.5   275.4  1229.1  1313.3  1625.6  1741.7  1825.8  1880.0  1981.9  2164.7  3097.3  7812.7  9660.7 14707.4  38688.2    70000
read     1882.0  1018.1   160.7  1283.8  1360.6  1672.9  1797.1  1869.1  1936.7  2017.7  2185.8  3177.7  7827.6  9368.2 12856.8  37675.4    75000
read     1815.8   988.9   148.8  1248.6  1325.4  1617.1  1724.7  1797.9  1854.0  1936.6  2086.0  3059.4  7799.9  9322.5 12675.2  39041.4    80000
Warning! Detected max cpu usage > 95%
CPU Usage Stats (avg/min/max): 66.53%,1.00%,100.00%
