#type       avg     std     min      p5     p10     p50     p67     p75     p80     p85     p90     p95     p99    p999   p9999     QPS   target
read      309.2    99.1   101.3   194.4   216.0   299.8   333.9   353.2   367.7   385.7   408.9   451.0   536.7   848.4  3191.4   5021.0     5000
read      337.6   142.3    93.8   188.1   219.5   326.2   367.3   390.8   407.6   429.8   461.6   504.9   589.2  2118.6  4759.2   9893.4    10000
read      351.8   129.6    93.8   171.8   203.5   344.9   393.2   421.8   442.8   468.5   499.8   542.1   639.8   986.2  3194.1  14953.8    15000
read      365.4   135.7    86.8   160.3   187.2   360.6   418.9   453.0   477.2   502.5   533.9   581.6   690.8   913.7  2600.8  19953.6    20000
read      366.5   170.3    86.8   157.4   180.5   356.8   420.9   457.0   482.1   508.3   542.6   594.2   727.7  2092.9  3161.3  24961.2    25000
read      374.1   178.9    86.8   154.4   177.1   362.3   436.8   476.6   502.0   531.4   568.5   627.6   763.6  1664.3  5661.9  29787.8    30000
read      382.8   198.3    86.8   156.4   178.9   361.3   441.0   484.1   510.8   543.2   585.9   657.5   932.2  1954.6  3997.2  34959.4    35000
read     1344.7  1042.8    86.8   227.3   304.1  1447.1  1630.1  1711.7  1771.5  1850.3  1971.5  2472.7  7582.2  8125.7 10170.5  38865.8    40000
read     1743.8   967.9   109.4  1085.2  1178.4  1575.7  1703.1  1779.4  1846.8  1938.1  2111.4  2964.8  7746.9  9047.8 12255.7  40219.8    45000
read     1824.2   984.3   109.4  1233.6  1318.0  1623.9  1735.4  1814.5  1868.2  1960.9  2144.7  3100.9  7790.2  8806.3 12061.7  38712.8    50000
read     1774.0   967.6   255.0  1210.9  1292.1  1575.8  1692.3  1757.1  1826.4  1906.9  2086.9  2986.6  7771.2  9103.5 11575.1  39802.4    55000
read     1894.4  1017.9   148.8  1289.9  1364.2  1678.9  1811.3  1887.2  1965.7  2052.7  2262.6  3165.3  7832.1  9628.4 12296.4  37423.0    60000
read     1829.0  1012.6   218.6  1249.8  1328.8  1620.8  1734.2  1814.5  1869.7  1962.1  2135.0  3085.0  7814.0  9943.9 14959.4  38702.8    65000
read     1831.9   985.1   148.8  1258.0  1331.7  1627.6  1736.9  1815.9  1869.1  1962.9  2143.4  3104.8  7797.6  8955.7 10783.7  38589.0    70000
read     1818.0   983.5   404.6  1231.8  1313.0  1616.7  1731.6  1811.4  1867.1  1958.7  2131.1  3077.3  7787.0  9289.6 11121.5  38909.6    75000
read     1773.4   969.1   236.1  1186.0  1268.9  1578.8  1706.2  1783.3  1846.5  1934.9  2118.9  2975.4  7763.6  8951.8 12479.0  39744.2    80000
Warning! Detected max cpu usage > 95%
CPU Usage Stats (avg/min/max): 66.63%,1.00%,100.00%
