#type       avg     std     min      p5     p10     p50     p67     p75     p80     p85     p90     p95     p99    p999   p9999     QPS   target
read      314.5   114.8   101.3   195.5   218.8   303.3   339.5   360.3   374.0   393.4   418.0   461.9   541.8  1795.3  3142.7   4989.2     5000
read      334.0   120.8   101.3   186.5   218.9   325.2   364.4   387.7   404.9   428.4   459.0   502.4   581.5   817.8  5986.4   9951.8    10000
read      348.8   133.3   101.3   171.3   202.1   342.7   389.4   416.8   436.7   463.1   493.7   535.1   621.4  1089.0  4270.8  15107.6    15000
read      364.6   162.9    93.8   161.2   186.8   356.9   412.8   446.2   470.2   496.7   528.8   578.4   692.4  1960.1  4837.8  20132.4    20000
read      372.2   169.2    93.8   161.2   183.7   361.9   430.3   468.2   492.7   519.2   549.8   605.0   742.0  1794.9  3858.0  24833.4    25000
read      393.5   215.5    86.8   154.6   178.9   375.0   454.0   493.8   520.0   548.5   590.1   666.1   992.2  2281.3  6044.0  29743.0    30000
read      409.2   232.7    86.8   157.9   182.4   382.9   472.4   515.9   545.5   582.8   632.2   717.3  1082.8  2295.0  7613.7  34862.4    35000
read     1827.0  1030.7    93.8  1149.4  1297.8  1650.9  1780.1  1859.5  1926.6  2013.9  2198.9  3151.3  7813.4  9563.6 12174.9  37684.9    40000
read     1796.7   973.7   118.1  1216.9  1302.7  1598.8  1719.7  1798.8  1859.0  1952.8  2136.3  3031.8  7775.8  8934.0 11212.3  39057.9    45000
read     1922.6  1025.5   118.1  1292.3  1384.8  1711.4  1849.2  1934.8  2000.1  2097.0  2287.7  3250.1  7831.9  9550.4 12474.6  36767.0    50000
read     1943.1  1050.2   148.8  1319.7  1405.7  1721.0  1852.1  1934.7  1998.9  2091.8  2277.9  3282.6  7853.7  9565.4 14865.0  36660.7    55000
read     1813.5   974.3   202.4  1235.9  1317.0  1615.0  1726.4  1802.5  1859.1  1949.4  2123.4  3079.2  7779.9  8902.6 12446.7  38903.0    60000
read     1871.4  1010.5   127.6  1251.0  1336.1  1669.6  1803.7  1878.7  1951.4  2029.0  2192.8  3134.6  7820.5  9122.8 11752.1  37869.0    65000
read     1851.8  1031.4   148.8  1248.5  1329.3  1640.7  1764.0  1845.8  1905.7  1997.5  2174.7  3109.4  7833.5  9824.1 15034.2  38386.9    70000
read     1892.2  1025.7   137.8  1286.4  1366.1  1680.0  1808.0  1879.1  1951.7  2029.4  2213.7  3189.3  7835.4  9468.8 12772.3  37498.8    75000
read     1827.7   980.8   118.1  1253.1  1330.3  1626.9  1738.8  1818.1  1870.4  1961.0  2129.0  3092.0  7794.5  8999.6 10989.7  38647.4    80000
Warning! Detected max cpu usage > 95%
CPU Usage Stats (avg/min/max): 66.93%,0.50%,100.00%
