#type       avg     std     min      p5     p10     p50     p67     p75     p80     p85     p90     p95     p99    p999   p9999     QPS   target
read      308.9   146.4   109.4   193.0   214.4   296.4   330.7   349.6   364.1   381.1   404.6   450.0   540.8  1623.9  6345.4   4967.6     5000
read      351.3   143.6   101.3   192.8   225.1   336.6   380.4   407.2   429.4   457.9   493.7   541.2   679.1  1129.2  6638.7   9938.6    10000
read      365.0   130.3    86.8   176.5   209.8   356.5   406.5   439.0   463.4   490.2   521.6   569.7   687.8   937.6  2677.1  14915.8    15000
read      372.0   209.4    93.8   168.0   195.2   357.0   416.2   451.3   476.4   503.8   538.1   590.5   756.9  2137.0  8908.2  19987.2    20000
read      377.9   163.0    86.8   158.7   182.8   369.0   437.1   476.3   500.9   529.3   564.2   621.8   770.7  1500.8  2749.3  24848.2    25000
read      402.9   226.7    86.8   158.0   183.3   380.2   464.3   505.6   533.2   564.9   607.8   688.4  1011.1  2699.4  6983.8  29855.0    30000
read      423.9   295.8    86.8   163.4   188.5   381.2   473.5   518.0   548.0   586.8   643.1   755.4  1469.1  3174.3  7967.4  35064.2    35000
read     1551.2  1003.3    93.8   348.4   539.2  1500.0  1639.4  1716.4  1778.5  1863.7  2016.6  2851.3  7665.1  8840.5 12048.0  39584.8    40000
read     1795.2   993.8   137.8  1116.1  1214.6  1616.7  1744.4  1831.1  1885.7  1992.0  2182.8  3048.7  7780.2  9622.6 12737.3  39225.0    45000
read     1874.3  1011.8   137.8  1197.1  1307.5  1675.6  1818.1  1900.4  1978.0  2078.6  2320.5  3174.8  7800.4  9148.7 12689.5  37677.6    50000
read     1793.9   993.7   127.6  1098.3  1198.8  1618.2  1749.3  1841.0  1908.2  2011.3  2241.6  3063.5  7772.2  9343.6 12704.9  39290.4    55000
read     1825.9   992.6   187.4  1227.4  1315.8  1626.9  1740.7  1824.0  1878.2  1972.7  2142.8  3085.1  7795.4  9597.3 12789.8  38693.4    60000
read     1806.0   980.5   160.7  1140.3  1231.0  1631.8  1751.8  1834.7  1886.9  1985.3  2161.8  3075.5  7767.9  8817.9 10943.3  39068.6    65000
read     1800.0  1010.6   148.8  1199.8  1286.3  1594.5  1719.6  1801.1  1862.0  1964.3  2182.3  3027.6  7790.2 10070.8 14882.7  39241.2    70000
read     1743.1   969.3   118.1  1067.9  1168.8  1575.3  1708.1  1786.1  1848.7  1940.0  2134.3  2973.0  7738.8  9495.1 12626.2  40345.8    75000
read     1814.5   989.0   127.6  1215.6  1300.9  1612.7  1730.3  1813.1  1871.8  1970.9  2154.2  3066.5  7788.7  9386.9 11930.3  38976.2    80000
Warning! Detected max cpu usage > 95%
CPU Usage Stats (avg/min/max): 66.03%,0.50%,100.00%
