#type       avg     std     min      p5     p10     p50     p67     p75     p80     p85     p90     p95     p99    p999   p9999     QPS   target
read      319.6   153.7   101.3   196.3   219.8   304.8   341.3   361.9   375.5   395.3   422.9   467.9   571.8  2094.4  6224.7   4987.8     5000
read      350.3   110.6    93.8   190.7   224.8   340.8   384.7   410.1   430.2   456.0   488.9   534.7   630.2   846.2  2768.2  10027.6    10000
read      373.9   163.5    93.8   176.1   208.9   361.0   416.8   450.3   474.6   500.9   534.0   586.3   735.4  1839.0  6219.3  15010.6    15000
read      409.3   188.3    80.4   167.4   197.6   392.1   468.1   505.4   532.2   564.0   609.6   688.4   938.4  1835.2  4750.7  19958.8    20000
read     1846.8  2786.8    93.8   178.6   220.2   523.7   704.0  1257.2  4009.0  5380.0  6471.7  7863.7 10598.5 16127.7 19012.9  19767.6    25000
read     1463.6  1317.4    86.8   204.9   272.0  1337.0  1822.0  2041.7  2215.9  2460.7  2802.7  3498.6  7674.8  9074.9 12532.5  30020.6    30000
read     2040.6  1117.6    93.8  1178.1  1311.7  1810.2  2004.1  2137.1  2250.8  2425.7  2745.0  3506.8  7879.3  9400.0 11589.3  34348.8    35000
read     2091.4  1115.8   109.4  1313.0  1418.8  1835.8  2019.9  2150.6  2262.7  2433.6  2800.7  3575.5  7888.9  9802.0 12698.9  33894.8    40000
read     2075.5  1111.3   109.4  1227.7  1350.3  1836.0  2026.9  2160.0  2274.2  2443.1  2769.7  3521.2  7879.5  9276.7 12478.5  34228.6    45000
read     1896.1  1035.7   218.6  1174.9  1281.3  1693.9  1851.7  1950.8  2021.3  2137.4  2348.7  3165.4  7825.1  9476.3 12765.3  37328.0    50000
read     1796.0   990.6   160.7  1135.7  1228.5  1620.8  1737.2  1816.3  1868.6  1955.7  2114.0  3057.6  7797.8  9399.2 11030.3  39361.4    55000
read     1859.7  1025.6   218.6  1248.3  1332.3  1648.6  1778.3  1858.1  1925.6  2015.6  2201.3  3130.2  7818.7 10010.2 14881.0  38092.5    60000
read     1918.8  1026.9   255.0  1282.4  1363.3  1695.5  1841.3  1934.3  2007.7  2127.8  2369.7  3219.4  7826.3  9431.5 13924.0  36875.4    65000
read     1876.3  1022.4   255.0  1270.9  1352.2  1664.6  1791.6  1867.8  1938.5  2023.4  2194.0  3146.8  7844.1  9680.8 12513.9  37881.4    70000
read     1865.6   997.7   118.1  1267.3  1350.2  1665.6  1786.8  1859.8  1920.7  2002.0  2164.2  3149.7  7807.5  9332.1 12603.0  37923.9    75000
read     1831.7   999.8   173.5  1235.6  1317.1  1624.6  1742.7  1827.1  1881.0  1981.2  2164.4  3106.5  7806.2  9456.4 12277.7  38676.8    80000
Warning! Detected max cpu usage > 95%
CPU Usage Stats (avg/min/max): 66.33%,0.50%,100.00%
