#type       avg     std     min      p5     p10     p50     p67     p75     p80     p85     p90     p95     p99    p999   p9999     QPS   target
read      375.8   431.0   101.3   178.7   197.9   266.5   297.1   320.8   344.0   393.0   741.0  1010.4  1975.7  7106.9  8089.7   4984.2     5000
read      443.2   468.4    93.8   174.2   203.6   297.7   344.0   383.9   433.8   612.1   989.5  1183.0  2059.8  6414.5  8101.2  10014.2    10000
read      521.3   548.1    86.8   166.4   200.2   326.2   393.3   463.3   634.3  1013.7  1115.5  1704.3  2171.7  7302.7  8728.0  14956.2    15000
read      613.8   620.6    93.8   162.5   199.3   373.8   491.8   756.3  1020.7  1114.3  1326.5  1989.6  2338.9  7608.7  8121.9  20053.2    20000
read      720.3   685.8    86.8   166.1   213.5   449.2   688.1  1026.8  1124.5  1307.6  1544.8  2105.9  2486.1  7692.2  8846.2  25045.8    25000
read     2555.9  1519.6   137.8   885.9   953.3  3003.9  3139.0  3202.5  3278.9  3462.5  3964.9  4376.2  7948.4  9822.7 12257.2  27638.2    30000
read     2579.2  1508.8   160.7   910.9   974.1  3023.0  3153.5  3214.9  3310.9  3454.2  3976.5  4459.3  7945.6  9886.1 12738.6  27408.3    35000
read     2666.7  1515.7   160.7   954.0  1025.7  3055.4  3185.8  3273.2  3378.0  3482.8  4082.6  4707.5  7953.6 10002.1 14642.3  26606.2    40000
read     2689.2  1517.6   202.4   956.8  1026.8  3062.5  3198.0  3302.3  3396.6  3491.9  4047.1  4790.6  7952.0  9694.6 14757.4  26410.0    45000
read     2635.1  1531.4   137.8   921.3   985.2  3039.0  3173.1  3244.8  3369.5  3511.1  4010.3  4625.1  7962.9  9910.0 13557.2  27034.0    50000
read     2654.7  1502.7   173.5   952.0  1019.6  3051.1  3183.1  3268.3  3376.2  3484.2  4080.7  4697.3  7940.4  9728.8 12560.1  26641.2    55000
read     2621.6  1518.7   137.8   899.0   977.0  3031.3  3172.9  3253.5  3373.3  3505.0  4010.9  4630.3  7948.9  9738.9 12706.9  27057.8    60000
read     2585.9  1516.4   137.8   896.1   963.8  3019.5  3154.7  3218.4  3327.9  3474.6  3973.6  4392.0  7946.8  9889.5 14638.4  27469.6    65000
read     2544.0  1507.7   148.8   896.0   962.8  3009.0  3138.9  3200.0  3260.5  3439.7  3943.5  4357.2  7934.0 11020.1 14958.4  27744.0    70000
read     2571.3  1503.6   148.8   912.1   974.5  3017.3  3143.7  3203.2  3273.0  3457.7  3975.0  4386.5  7942.7  9972.3 13105.2  27600.2    75000
read     2564.9  1503.1   236.1   906.9   970.4  3012.4  3143.9  3205.7  3284.3  3449.5  3956.3  4384.3  7940.8  9915.3 13486.9  27629.4    80000
Warning! Detected max cpu usage > 95%
CPU Usage Stats (avg/min/max): 65.93%,0.50%,100.00%
