#type       avg     std     min      p5     p10     p50     p67     p75     p80     p85     p90     p95     p99    p999   p9999     QPS   target
read      398.0   496.7    93.8   175.0   193.2   259.2   289.5   312.4   335.2   378.5   934.3  1073.9  2016.5  7277.4  8102.7   4967.6     5000
read      476.9   542.1    86.8   174.0   203.8   296.2   341.5   377.9   430.7   949.3  1056.8  1890.9  2125.3  7186.2  8797.0   9942.6    10000
read      534.1   561.2    86.8   162.4   200.2   331.4   399.5   468.6   878.1  1023.8  1152.0  1913.8  2179.7  7284.4  8130.7  14987.6    15000
read      583.4   577.0    86.8   159.7   196.4   360.8   460.3   614.5   998.5  1088.0  1255.3  1931.8  2198.3  7301.8  8106.9  19991.2    20000
read      715.8   677.2    86.8   168.7   212.6   444.0   682.7  1028.5  1129.0  1298.6  1544.2  2099.9  2455.9  7720.4  9775.4  25092.9    25000
read     2511.9  1520.0    93.8   852.9   952.8  3001.3  3136.8  3200.6  3266.4  3431.7  3949.2  4385.6  7931.0  9702.4 14458.4  27435.6    30000
read     2565.0  1529.1    93.8   899.5   966.0  3007.3  3142.5  3206.1  3294.4  3474.9  3989.3  4412.7  7954.0 10279.2 14913.1  27608.2    35000
read     2650.0  1519.6   127.6   952.0  1020.5  3049.6  3180.8  3260.7  3366.2  3471.7  4042.4  4611.4  7955.8 10244.9 14915.4  26771.8    40000
read     2641.7  1505.0   137.8   937.4  1003.5  3047.0  3175.8  3245.4  3364.6  3483.9  4036.5  4634.6  7938.8  9748.6 12669.4  26819.2    45000
read     2595.7  1504.9   137.8   924.7   987.6  3026.9  3156.0  3216.7  3320.1  3468.4  4007.6  4448.9  7932.4  9663.3 12810.2  27288.4    50000
read     2613.3  1508.9   137.8   930.5   994.1  3036.6  3163.6  3223.3  3330.1  3458.7  3997.3  4521.9  7944.0  9840.6 13422.1  27139.6    55000
read     2541.5  1493.1   218.6   886.8   958.4  2999.6  3136.8  3201.4  3273.3  3445.6  3931.8  4363.6  7923.8  9508.8 13553.9  27824.6    60000
read     2590.4  1516.7   137.8   900.7   967.1  3017.1  3149.8  3212.3  3314.7  3483.4  4006.1  4535.7  7941.9  9702.8 13356.6  27468.2    65000
read     2627.0  1517.4   173.5   904.5   981.9  3024.9  3171.4  3255.4  3377.9  3550.3  4037.8  4692.8  7940.4  9668.1 11921.4  27020.6    70000
read     2628.9  1518.2   236.1   927.8   994.1  3036.1  3168.5  3230.8  3352.4  3476.9  4000.8  4640.8  7959.7 10080.2 13690.4  27008.0    75000
read     2543.2  1500.2   202.4   895.0   961.8  2999.8  3135.2  3198.8  3265.8  3472.6  3986.6  4373.6  7921.5  9709.5 12818.1  27883.2    80000
Warning! Detected max cpu usage > 95%
CPU Usage Stats (avg/min/max): 65.96%,0.50%,100.00%
