#type       avg     std     min      p5     p10     p50     p67     p75     p80     p85     p90     p95     p99    p999   p9999     QPS   target
read      408.4   484.7   101.3   174.0   193.2   264.0   295.2   318.9   344.0   410.7   954.2  1115.1  2030.3  7067.3  7910.6   5032.6     5000
read      477.1   528.2    86.8   172.4   200.1   291.0   342.1   395.6   484.3   944.3  1051.7  1798.1  2128.3  7106.8  8060.6   9908.2    10000
read      523.2   542.1    86.8   162.0   201.1   327.2   394.3   465.0   672.9  1004.4  1100.4  1887.4  2178.9  7082.7  8939.1  15036.8    15000
read      590.0   581.4    86.8   159.1   196.8   361.3   477.4   666.4   991.2  1082.4  1271.8  1944.8  2241.1  7232.9  9191.7  20009.0    20000
read      692.6   659.5    86.8   167.8   211.3   437.8   656.0   996.5  1079.7  1225.4  1464.9  2058.3  2453.5  7659.4  9803.4  25104.0    25000
read     2358.3  1508.1    93.8   638.8   852.4  2804.4  3085.9  3168.3  3219.9  3396.1  3861.0  4301.3  7883.2  9690.8 14264.1  28048.4    30000
read     2486.2  1501.9   109.4   797.8   896.7  2864.3  3114.0  3206.7  3335.9  3569.4  3937.4  4379.7  7906.3  9694.8 11879.2  28344.7    35000
read     2522.2  1483.3   173.5   860.5   948.7  2923.1  3126.8  3204.0  3304.9  3479.7  3946.0  4381.3  7903.0  9575.0 12507.6  27947.2    40000
read     2501.1  1477.5   160.7   842.9   930.9  2917.3  3123.5  3200.8  3299.5  3493.6  3938.9  4335.5  7889.1  9602.8 13140.1  28092.0    45000
read     2467.0  1481.5   127.6   827.7   911.7  2873.6  3101.3  3182.8  3239.2  3479.6  3917.9  4325.8  7891.9  9552.0 12476.7  28522.0    50000
read     2509.7  1499.9   127.6   842.2   929.2  2913.2  3121.0  3198.3  3292.6  3502.5  3944.4  4372.2  7911.8  9488.4 12670.9  28142.8    55000
read     2507.7  1514.2   118.1   821.0   913.3  2883.8  3119.7  3208.1  3335.7  3579.6  3949.8  4361.2  7938.1 10147.6 14863.0  28154.4    60000
read     2554.3  1516.1   173.5   877.2   952.5  2992.3  3137.8  3206.2  3299.5  3471.7  3969.9  4385.1  7951.2  9959.2 12814.8  27799.0    65000
read     2560.5  1503.5   118.1   883.4   956.8  2995.9  3144.0  3213.7  3327.8  3508.4  3987.8  4428.3  7922.2  9507.4 12084.6  27639.1    70000
read     2495.3  1502.2   148.8   849.8   924.8  2909.6  3112.8  3187.3  3241.5  3490.3  3953.3  4349.9  7913.0  9721.4 13549.6  28319.6    75000
read     2568.7  1503.6   118.1   887.6   960.3  3003.0  3146.0  3213.3  3321.9  3484.9  3975.7  4389.1  7930.4  9861.5 12724.2  27608.1    80000
Warning! Detected max cpu usage > 95%
CPU Usage Stats (avg/min/max): 66.50%,0.00%,100.00%
