#type       avg     std     min      p5     p10     p50     p67     p75     p80     p85     p90     p95     p99    p999   p9999     QPS   target
read      400.3   466.6    86.8   171.4   191.6   263.0   295.4   320.9   347.4   420.7   937.6  1084.5  2020.6  7084.1  7925.4   4964.0     5000
read      487.5   547.9    86.8   173.1   202.8   297.2   346.9   397.2   477.1   952.8  1065.7  1906.3  2154.2  7304.6  8791.4   9984.2    10000
read      536.7   562.5    86.8   163.7   199.6   327.0   398.5   481.7   897.5  1028.3  1153.3  1921.7  2185.2  7226.2  8201.4  15043.4    15000
read      573.3   557.8    86.8   159.4   194.3   354.4   454.9   593.9   986.7  1075.9  1234.7  1922.6  2198.8  6973.4  8122.3  20012.6    20000
read      670.7   634.0    93.8   168.2   207.3   417.0   596.9   984.9  1077.2  1208.9  1430.5  2049.4  2357.5  7442.6  9553.4  25053.4    25000
read     2546.1  1529.1   101.3   873.3   955.9  3008.5  3145.5  3210.0  3299.1  3448.1  3956.3  4458.7  7947.2  9779.4 12731.8  27385.6    30000
read     2645.9  1532.0   101.3   910.8   989.0  3038.6  3182.1  3279.7  3394.8  3601.1  4057.1  4741.5  7956.1  9903.6 12897.7  26755.7    35000
read     2618.0  1510.6   101.3   921.4   987.8  3035.8  3168.2  3230.5  3356.2  3485.7  4027.9  4535.5  7940.7  9817.6 13493.9  27048.0    40000
read     2584.6  1508.2   218.6   893.3   964.6  3018.6  3154.9  3219.0  3338.5  3529.1  4011.9  4537.8  7927.9  9495.7 12459.4  27357.2    45000
read     2635.1  1521.1   127.6   945.3  1009.6  3040.9  3169.6  3230.2  3348.3  3470.8  4051.7  4710.2  7953.5  9709.4 13390.8  26968.4    50000
read     2694.5  1516.5   109.4   957.7  1031.3  3062.7  3202.9  3313.0  3403.7  3518.2  4098.1  4819.7  7951.8  9807.4 13227.4  26350.8    55000
read     2696.9  1524.8   187.4   932.1  1009.0  3060.9  3206.6  3326.1  3419.9  3626.7  4095.8  4876.8  7950.2  9791.5 12813.7  26348.6    60000
read     2754.0  1527.5   187.4   974.8  1050.9  3091.7  3247.8  3364.4  3437.2  3595.8  4105.1  4909.8  7968.1 10196.3 14965.6  25757.0    65000
read     2713.7  1530.7   202.4   938.5  1010.0  3066.8  3209.9  3335.7  3432.4  3662.0  4083.5  5020.2  7957.5  9706.6 12714.9  26181.5    70000
read     2735.9  1509.7   160.7   964.8  1044.3  3080.3  3227.6  3354.1  3435.6  3613.0  4104.3  4736.8  7961.1  9777.7 12535.7  25945.6    75000
read     2843.5  1536.3   187.4  1021.0  1092.3  3133.6  3321.3  3415.2  3473.9  3664.3  4167.3  5309.3  7999.1 10182.8 13274.4  25058.6    80000
Warning! Detected max cpu usage > 95%
CPU Usage Stats (avg/min/max): 65.56%,0.00%,100.00%
