#type       avg     std     min      p5     p10     p50     p67     p75     p80     p85     p90     p95     p99    p999   p9999     QPS   target
read      415.6   519.4   101.3   176.4   196.1   265.9   297.7   322.1   348.5   425.5   954.4  1096.4  2023.8  7331.5  8907.4   5001.2     5000
read      487.1   559.7    93.8   174.6   205.8   296.3   342.7   385.2   452.6   955.8  1067.0  1907.5  2137.1  7349.1  9379.0   9954.4    10000
read      539.8   567.3    86.8   165.6   200.9   328.8   398.7   476.5   903.4  1036.0  1166.7  1923.8  2185.4  7253.9  8099.4  14875.2    15000
read      655.0   661.8    86.8   162.4   204.1   395.2   538.2   943.7  1053.0  1191.1  1441.2  2048.7  2405.0  7693.6 12014.8  19883.5    20000
read      780.6   751.0    80.4   171.1   220.3   479.5   811.9  1072.6  1227.1  1397.8  1938.1  2175.4  2766.2  7885.2  9846.8  24976.5    25000
read     2769.7  1529.9   109.4   969.1  1052.6  3097.1  3265.7  3378.9  3449.6  3621.1  4111.4  5153.4  7970.4  9726.9 12999.4  25514.4    30000
read     2644.5  1514.5   127.6   935.4  1002.1  3047.0  3179.4  3259.8  3371.9  3484.0  4048.2  4621.1  7950.7  9628.3 13753.3  26757.8    35000
read     2738.0  1516.8   236.1   966.1  1041.4  3082.0  3222.8  3346.4  3429.6  3603.6  4107.0  4924.2  7954.8  9544.5 13237.7  25899.9    40000
read     2644.6  1515.8   127.6   922.6   989.1  3047.6  3183.7  3274.5  3383.2  3498.3  4026.8  4592.1  7952.2 10145.9 13081.5  26717.6    45000
read     2649.8  1511.8   109.4   933.4  1002.9  3047.6  3181.7  3267.9  3379.5  3492.2  4045.3  4692.7  7941.2  9737.5 12886.1  26746.0    50000
read     2662.0  1503.8   137.8   944.9  1016.1  3056.3  3189.4  3282.8  3382.9  3483.0  4017.7  4674.3  7945.6  9747.5 12332.0  26644.4    55000
read     2791.8  1527.8   374.7   997.7  1070.2  3107.5  3270.1  3378.3  3446.0  3609.9  4123.8  4960.8  8010.8 10182.1 15106.5  25449.8    60000
read     2855.0  1557.7   236.1  1016.8  1086.9  3128.5  3314.6  3417.1  3481.1  3701.7  4182.7  5386.3  8009.7 10672.8 13746.2  25105.2    65000
read     2696.3  1528.7   202.4   946.6  1016.5  3061.5  3198.4  3308.8  3409.4  3591.4  4071.7  4836.8  7959.3  9885.8 13743.3  26389.8    70000
read     2698.1  1512.9   275.4   962.3  1036.9  3064.5  3200.6  3307.0  3399.2  3495.6  4099.1  4749.7  7959.1  9784.7 12613.4  26321.0    75000
read     2634.3  1515.3   148.8   909.8   983.5  3034.7  3172.8  3249.8  3376.6  3575.0  4041.0  4659.7  7945.3  9764.0 12443.3  26939.0    80000
Warning! Detected max cpu usage > 95%
CPU Usage Stats (avg/min/max): 66.33%,1.50%,100.00%
