#type       avg     std     min      p5     p10     p50     p67     p75     p80     p85     p90     p95     p99    p999   p9999     QPS   target
read      462.8   671.1    93.8   183.6   203.0   279.7   317.4   348.5   384.0   509.4  1026.1  1469.1  2187.7  7963.7  9320.6   4951.2     5000
read      489.9   590.2    86.8   175.3   207.3   303.6   351.1   394.0   460.5   984.0  1085.3  1598.9  2169.6  7817.2  9872.2  10011.4    10000
read      538.9   607.1    86.8   164.3   203.6   331.4   400.5   472.8   618.7  1053.6  1165.9  1716.7  2199.7  7665.1 10660.2  15007.2    15000
read      587.4   617.9    86.8   159.3   197.5   363.1   460.3   588.5  1025.3  1100.6  1260.9  1743.9  2292.2  7749.6  8130.8  19949.0    20000
read      760.0   784.1    86.8   168.7   215.1   460.5   721.0  1067.0  1182.3  1356.7  1614.6  2176.7  2788.8  7990.9  9872.8  25019.0    25000
read     2528.4  1539.8    93.8   817.2   957.5  3010.9  3154.7  3222.3  3329.4  3456.2  3984.3  4596.1  7929.3  9698.1 12856.3  26995.8    30000
read     2625.3  1499.8   148.8   940.2  1006.4  3039.9  3172.2  3238.8  3351.3  3463.7  3992.1  4614.9  7934.4  9480.5 12541.1  26966.8    35000
read     2753.7  1524.6   109.4   972.1  1052.1  3090.5  3253.0  3366.8  3437.9  3584.9  4063.1  4940.4  7969.4 10035.3 14876.5  25825.6    40000
read     2677.4  1515.8   148.8   946.6  1019.6  3060.4  3198.6  3304.9  3399.1  3505.9  4040.0  4751.7  7959.3  9866.6 12606.4  26467.4    45000
read     2696.8  1529.5   255.0   950.3  1021.0  3061.1  3205.1  3318.4  3408.2  3537.8  4060.3  4966.2  7965.7  9695.0 12893.0  26429.8    50000
read     2564.0  1502.1   218.6   903.5   969.2  3015.0  3146.0  3207.6  3290.6  3451.4  3967.6  4400.5  7929.0  9828.9 12766.8  27607.2    55000
read     2587.4  1510.3   109.4   922.7   984.0  3025.5  3154.2  3214.8  3311.0  3456.6  3987.2  4390.4  7944.3 10144.8 14547.7  27416.7    60000
read     2763.1  1523.6   173.5   990.2  1064.8  3090.5  3245.6  3364.2  3438.3  3609.3  4146.7  5159.1  7980.5  9987.1 12941.5  25701.2    65000
read     7603.5  5263.9   187.4  1176.1  1322.3  6725.2  8213.9 10292.3 11559.8 12841.8 14955.4 17347.3 24789.8 32328.1 38776.1  10125.6    70000
read     2739.3  1538.3   297.4   957.7  1035.4  3076.8  3236.9  3366.0  3446.7  3669.5  4125.6  5150.6  7962.5 10074.6 13957.3  25941.4    75000
read     2668.0  1521.4   160.7   941.9  1010.9  3054.8  3193.2  3295.9  3394.8  3510.1  4043.0  4740.8  7962.7  9969.7 13497.4  26622.8    80000
Warning! Detected max cpu usage > 95%
CPU Usage Stats (avg/min/max): 66.20%,0.50%,100.00%
