#type       avg     std     min      p5     p10     p50     p67     p75     p80     p85     p90     p95     p99    p999   p9999     QPS   target
read      441.0   583.7    86.8   183.4   203.9   282.1   317.5   345.6   375.6   467.4  1015.3  1149.8  2155.7  7692.5  8129.5   4993.4     5000
read      519.5   653.8    93.8   178.9   213.5   318.9   374.1   426.7   503.6  1006.7  1097.9  1706.1  2199.7  7911.4 10528.8   9982.6    10000
read      602.3   669.5    86.8   172.7   214.1   361.9   467.8   605.2  1022.7  1097.2  1257.8  1968.6  2405.0  7875.4  8964.0  15035.6    15000
read      888.8  1057.7    86.8   176.8   221.5   460.6   857.2  1131.3  1288.5  1520.7  2120.8  2758.2  5437.8  8380.4 10663.2  19999.0    20000
read     2871.0  1565.6    93.8   965.8  1084.2  3171.6  3375.2  3466.8  3578.8  3730.2  4191.8  5444.6  7986.2  9847.4 13263.2  23932.2    25000
read     2768.6  1538.8   137.8   957.3  1035.4  3093.9  3267.8  3387.7  3462.7  3678.6  4125.3  5183.7  7975.8  9926.5 12982.5  25612.6    30000
read     2752.4  1547.5   118.1   946.2  1021.9  3082.4  3252.0  3380.4  3460.7  3697.1  4128.2  5180.8  7971.4 10038.6 13271.7  25799.6    35000
read     2637.3  1526.2   148.8   912.6   982.1  3042.4  3179.9  3267.6  3382.7  3531.6  4039.7  4663.3  7953.7  9826.3 12734.3  26933.2    40000
read     2833.2  1531.4   173.5  1000.8  1075.4  3131.7  3320.4  3420.1  3482.3  3689.8  4155.9  5210.8  7978.9 10031.4 15013.6  25013.0    45000
read     2740.1  1534.0   101.3   972.4  1044.1  3080.9  3221.9  3342.7  3424.3  3586.2  4143.1  5086.1  7962.4  9837.2 14091.9  25952.7    50000
read     2702.5  1521.3   187.4   954.4  1028.3  3069.1  3215.4  3337.4  3424.5  3592.9  4068.5  4747.1  7966.9 10118.4 15804.3  26184.8    55000
read     2716.5  1517.5   173.5   956.0  1026.7  3077.9  3219.4  3340.5  3424.3  3578.2  4041.7  4816.3  7960.3  9720.3 13034.4  26164.2    60000
read     2685.7  1508.0   173.5   953.8  1024.4  3060.2  3201.6  3310.8  3401.8  3503.2  4049.1  4775.3  7944.7  9513.6 12784.0  26407.8    65000
read     2818.2  1535.6   173.5  1003.5  1082.6  3115.4  3296.4  3399.1  3463.2  3651.5  4137.3  5341.2  7983.4  9622.5 12373.8  25331.4    70000
read     2666.4  1516.2   118.1   941.4  1010.3  3052.5  3190.6  3290.2  3390.7  3493.7  4031.5  4733.5  7951.3  9680.0 12685.9  26650.6    75000
read     2637.5  1501.2   137.8   938.5  1006.8  3045.2  3177.6  3254.5  3366.9  3479.3  4010.0  4556.7  7938.6  9852.6 13327.6  26825.8    80000
Warning! Detected max cpu usage > 95%
CPU Usage Stats (avg/min/max): 66.33%,0.50%,100.00%
