#type       avg     std     min      p5     p10     p50     p67     p75     p80     p85     p90     p95     p99    p999   p9999     QPS   target
read      388.7   521.5   101.3   184.1   202.9   272.9   304.0   326.0   348.0   389.2   644.1  1059.1  2071.4  7739.7 13091.0   4982.8     5000
read      463.1   550.6    93.8   180.7   211.2   305.8   351.7   388.9   434.6   623.3  1047.0  1212.1  2153.9  7811.0  9779.9   9966.4    10000
read      564.4   653.2    86.8   167.5   209.2   349.6   430.0   516.5   691.9  1063.8  1197.9  1729.5  2329.4  7941.3  9870.7  15060.4    15000
read      607.1   635.5    86.8   164.8   203.8   380.4   492.3   635.9  1031.5  1123.8  1279.0  1855.2  2356.3  7832.9  9026.1  19965.0    20000
read      740.2   749.6    86.8   172.2   219.4   458.3   690.5  1061.3  1164.8  1331.7  1551.8  2147.2  2520.7  7995.7 12545.0  24976.4    25000
read     2678.9  1530.1    93.8   936.5  1017.0  3056.4  3198.2  3307.9  3404.2  3550.4  4088.2  4863.5  7960.3  9746.6 12668.6  26269.8    30000
read     2672.0  1548.3   118.1   943.9  1013.3  3048.3  3197.6  3314.7  3416.1  3627.7  4105.4  4849.0  7967.0 10454.6 15689.8  26521.8    35000
read     2716.5  1529.5   118.1   953.7  1030.5  3073.0  3218.2  3341.3  3427.0  3601.8  4077.4  4962.4  7969.3 10036.4 12782.0  26156.6    40000
read     2766.1  1546.6   137.8   970.9  1047.4  3092.8  3254.2  3374.6  3449.9  3645.5  4092.4  5006.5  7993.7 10423.4 17462.6  25678.2    45000
read     2728.8  1518.6   127.6   958.8  1037.2  3079.9  3227.7  3350.7  3429.8  3585.1  4077.4  4896.9  7958.1  9906.7 12915.4  26019.8    50000
read     2626.8  1517.7   137.8   918.2   987.0  3036.6  3171.6  3241.3  3366.6  3498.1  4012.4  4549.7  7950.1  9882.1 12774.0  27040.2    55000
read     2684.1  1511.1   160.7   953.4  1020.2  3058.8  3193.6  3298.4  3403.8  3590.7  4086.5  4755.0  7944.8  9546.6 11603.9  26406.0    60000
read     2607.2  1507.8   127.6   917.1   981.3  3032.2  3165.1  3227.7  3349.0  3481.0  4008.4  4500.4  7934.0  9738.4 12968.5  27184.4    65000
read     2722.4  1532.5   255.0   963.8  1035.5  3072.0  3213.8  3334.0  3421.8  3609.0  4123.9  4808.1  7978.1 10178.1 13849.1  26128.8    70000
read     2718.5  1521.4   173.5   963.9  1035.0  3070.2  3213.2  3333.4  3421.5  3590.4  4078.2  4869.0  7967.1 10028.6 13813.7  26096.0    75000
read     2764.7  1531.1   148.8   972.5  1045.7  3095.6  3253.2  3376.1  3452.9  3645.9  4112.2  5136.3  7967.1  9929.3 13710.0  25702.4    80000
Warning! Detected max cpu usage > 95%
CPU Usage Stats (avg/min/max): 66.80%,1.01%,100.00%
