#type       avg     std     min      p5     p10     p50     p67     p75     p80     p85     p90     p95     p99    p999   p9999     QPS   target
read      432.8   625.3    86.8   180.7   200.0   272.5   305.3   330.4   355.2   415.7  1001.8  1137.0  2158.0  7933.7  9618.6   5011.8     5000
read      491.3   605.8    93.8   179.3   209.6   303.6   349.2   388.5   440.1   992.0  1085.7  1561.6  2171.2  7841.8  9079.8   9882.6    10000
read      555.7   637.5    86.8   167.8   207.2   340.3   409.2   484.2   686.1  1069.7  1188.4  1833.8  2297.1  7870.2  9871.8  15019.2    15000
read      627.7   654.7    86.8   164.5   203.9   386.4   504.6   729.5  1057.7  1153.2  1334.9  2023.5  2357.8  7796.9  8139.1  20051.2    20000
read      816.1   845.5    86.8   174.1   224.6   483.7   827.3  1110.4  1252.0  1436.3  2011.5  2308.8  3211.1  8016.5  9734.9  25009.0    25000
read     2660.5  1537.6   101.3   882.3   976.2  3039.4  3196.7  3319.6  3424.4  3663.5  4082.0  4939.3  7946.0  9670.1 12609.8  26317.0    30000
read     2730.9  1532.4   118.1   961.3  1040.3  3076.6  3227.0  3350.2  3429.8  3595.1  4110.4  4945.8  7968.8 10043.2 14880.2  25961.8    35000
read     2733.3  1539.3   127.6   951.4  1029.8  3074.5  3224.3  3350.7  3434.1  3625.2  4104.7  5184.8  7964.9  9838.3 13384.0  26032.0    40000
read     2661.1  1526.1   101.3   926.0   996.2  3045.4  3188.1  3291.4  3399.3  3589.0  4062.4  4729.8  7953.1  9933.8 12985.7  26647.8    45000
read     2691.6  1541.6   173.5   947.7  1019.7  3063.5  3202.4  3312.3  3404.4  3525.5  4039.5  4756.4  7972.9 10923.5 15822.4  26404.8    50000
read     2740.9  1527.2   127.6   961.4  1041.4  3083.1  3238.2  3362.0  3439.5  3619.7  4104.3  5116.8  7958.3  9967.3 14461.4  25899.2    55000
read     2693.4  1519.1   148.8   948.2  1020.1  3061.3  3206.8  3322.7  3412.5  3559.6  4080.2  4914.8  7948.9  9684.3 12728.2  26276.4    60000
read     2772.0  1553.1   148.8   970.8  1049.1  3090.9  3249.3  3371.0  3447.1  3640.9  4110.3  5162.8  8000.5 10319.2 14834.9  25796.0    65000
read     2761.3  1550.2   202.4   977.0  1051.9  3090.9  3245.5  3363.6  3437.4  3597.2  4081.6  4996.0  7994.7 11579.9 16879.7  25826.0    70000
read     2827.0  1542.4   173.5   983.4  1063.2  3118.0  3306.3  3417.9  3487.6  3728.4  4180.2  5317.7  7982.6  9964.7 13214.9  25105.6    75000
read     2653.1  1523.6   236.1   912.9   987.0  3046.1  3183.8  3278.5  3393.1  3583.2  4055.3  4772.2  7947.6  9521.0 12088.4  26755.8    80000
Warning! Detected max cpu usage > 95%
CPU Usage Stats (avg/min/max): 66.27%,0.00%,100.00%
