#type       avg     std     min      p5     p10     p50     p67     p75     p80     p85     p90     p95     p99    p999   p9999     QPS   target
read      424.8   588.9    93.8   182.8   200.8   271.1   303.1   325.9   347.8   401.9   990.4  1135.4  2128.3  7813.4  9380.3   4966.2     5000
read      478.6   573.0    93.8   177.9   207.1   301.8   345.8   382.7   429.9   966.2  1071.8  1338.3  2159.0  7755.8  8139.0  10029.0    10000
read      541.8   598.4    86.8   165.1   204.3   335.9   401.9   471.5   644.3  1056.4  1166.8  1722.1  2193.0  7758.4  9466.8  14988.4    15000
read      605.2   630.1    86.8   161.9   200.2   372.6   482.4   641.4  1038.4  1125.1  1286.4  1947.9  2322.0  7759.4  9596.3  20105.0    20000
read      896.4   958.4    93.8   176.6   226.0   501.2   985.0  1159.0  1328.5  1551.1  2135.0  2729.9  4035.1  8050.5 10112.0  24969.6    25000
read     2742.4  1523.8   109.4   967.5  1045.9  3084.6  3239.5  3362.7  3439.8  3616.0  4102.1  5004.9  7972.2  9871.1 11972.1  25782.8    30000
read     2679.5  1524.9   137.8   946.0  1014.0  3059.2  3196.2  3300.9  3398.2  3523.0  4062.8  4724.4  7960.0 10102.1 14943.3  26398.8    35000
read     2669.8  1526.8   101.3   941.6  1010.1  3052.4  3190.2  3289.1  3390.0  3491.7  4047.6  4760.0  7957.8  9990.4 13354.8  26601.0    40000
read     2683.8  1541.1   118.1   954.1  1028.1  3058.8  3194.5  3293.9  3387.9  3481.8  4068.9  4751.1  7979.2 10249.7 14877.3  26521.8    45000
read     2667.4  1515.7   109.4   949.7  1019.4  3055.5  3191.0  3289.6  3390.9  3501.0  4062.1  4741.8  7961.1 10101.2 14589.9  26514.4    50000
read     2735.8  1529.3   118.1   972.1  1048.3  3079.9  3226.3  3350.4  3431.1  3610.3  4118.5  4914.0  7984.6 10353.7 14291.5  25863.6    55000
read     2617.1  1515.8   173.5   921.1   986.8  3034.0  3165.9  3228.0  3346.9  3475.5  4009.3  4596.7  7950.5  9925.3 13877.6  27107.0    60000
read     2659.3  1505.5   118.1   949.2  1018.8  3051.3  3192.4  3294.3  3391.2  3488.1  4029.6  4662.6  7947.4  9952.7 13038.1  26579.7    65000
read     2647.6  1507.7   187.4   950.2  1018.8  3052.5  3179.7  3253.2  3360.2  3467.3  4009.8  4630.7  7952.7 10028.6 13788.6  26796.2    70000
read     2665.7  1520.5   202.4   956.7  1028.0  3055.1  3187.4  3275.5  3372.2  3469.0  4033.6  4731.6  7971.1  9967.1 13085.6  26685.8    75000
read     2606.5  1513.6   127.6   911.4   980.8  3030.5  3165.2  3228.5  3351.1  3482.2  3999.5  4536.5  7943.4  9821.4 12669.4  27212.2    80000
Warning! Detected max cpu usage > 95%
CPU Usage Stats (avg/min/max): 66.19%,0.00%,100.00%
