#type       avg     std     min      p5     p10     p50     p67     p75     p80     p85     p90     p95     p99    p999   p9999     QPS   target
read      309.1   119.6   101.3   190.6   211.1   298.0   334.5   354.8   369.1   387.3   410.5   453.2   538.8  1895.0  3698.9   5019.0     5000
read      342.4   120.9   101.3   185.5   217.6   331.4   373.7   398.4   418.2   442.7   477.5   524.8   633.9  1414.8  2372.3  10039.2    10000
read      351.7   142.0    93.8   173.5   202.8   342.6   392.1   421.1   442.2   468.9   500.1   544.1   645.4  1486.6  4150.9  15026.5    15000
read      380.5   157.4    86.8   167.2   194.7   369.6   434.0   472.3   498.5   527.0   561.6   621.9   759.4  1149.2  3873.7  19874.8    20000
read      389.7   176.0    93.8   164.3   190.2   376.5   451.8   492.2   517.9   545.7   584.5   650.3   805.7  1480.7  4104.2  24998.8    25000
read      396.3   202.6    86.8   161.7   185.5   374.0   458.0   501.1   529.6   561.4   603.9   683.0   937.5  2131.9  4357.1  29948.4    30000
read      471.5   354.1    86.8   162.2   190.9   412.9   510.3   559.5   597.9   653.1   738.5   965.5  1775.9  3402.8  8119.1  35055.8    35000
read     1632.4  1073.3    86.8   313.6   484.8  1590.9  1752.8  1854.9  1934.9  2030.2  2206.6  2903.6  7720.7  9194.3 12540.2  38208.6    40000
read     2034.3  1087.4   173.5  1222.6  1344.6  1809.1  1986.1  2100.4  2189.7  2335.0  2610.7  3474.2  7867.0  9385.3 11923.8  34954.8    45000
read     1816.7   987.0   137.8  1135.0  1229.5  1640.0  1769.5  1852.5  1918.5  2010.2  2183.2  3064.4  7780.9  9117.1 12075.1  38847.7    50000
read     1833.4  1006.2   137.8  1214.5  1303.3  1622.7  1746.2  1834.4  1892.9  1997.6  2209.8  3102.9  7808.5  8951.8 10945.2  38681.8    55000
read     1837.9   981.7   275.4  1250.6  1329.8  1634.0  1747.1  1833.9  1890.1  1989.4  2172.6  3093.7  7786.3  8926.5 10680.5  38447.6    60000
read     1754.8   958.9   148.8  1182.6  1264.7  1562.4  1679.6  1742.4  1812.8  1887.4  2088.5  2985.1  7741.4  9246.6 12671.8  40080.6    65000
read     1829.0  1016.9   137.8  1235.6  1317.8  1619.9  1739.0  1823.3  1878.7  1981.3  2175.9  3074.9  7808.9 10010.1 15059.7  38681.0    70000
read     1795.0   970.8   202.4  1242.5  1316.5  1597.9  1707.4  1772.1  1833.1  1904.6  2055.4  3028.9  7779.1  9085.8 12606.0  39371.2    75000
read     1808.8   987.4   218.6  1208.5  1292.3  1605.9  1733.8  1821.2  1880.1  1983.7  2168.3  3032.5  7790.5  9202.5 11637.0  39091.0    80000
Warning! Detected max cpu usage > 95%
CPU Usage Stats (avg/min/max): 66.33%,0.50%,100.00%
