#type       avg     std     min      p5     p10     p50     p67     p75     p80     p85     p90     p95     p99    p999   p9999     QPS   target
read      304.4   103.0    93.8   188.7   208.3   292.4   328.6   348.4   364.0   382.0   405.1   453.6   549.5  1034.7  2470.1   5006.8     5000
read      330.2   110.2   101.3   185.0   213.3   321.1   361.6   384.2   401.1   424.5   456.3   504.4   591.9   938.0  3232.1  10003.0    10000
read      348.5   140.7    93.8   170.0   199.7   341.5   389.9   418.4   439.7   466.6   498.2   541.0   635.1   951.5  3201.1  15036.6    15000
read      356.4   150.8    93.8   162.6   187.7   349.7   403.9   435.7   460.2   487.1   518.2   563.9   672.6  1635.3  3847.5  19944.2    20000
read      368.6   162.9    93.8   156.8   180.1   360.5   427.1   465.6   491.1   518.1   549.0   602.4   729.6  1297.3  5439.8  24970.9    25000
read      380.6   184.3    86.8   157.5   180.5   367.0   444.1   485.5   511.1   540.5   578.4   638.0   785.4  1874.2  4693.2  29906.0    30000
read      401.0   205.7    86.8   158.5   183.7   377.5   468.0   511.6   539.9   574.2   621.5   703.9   949.9  1762.4  6310.7  35027.8    35000
read     1781.6   986.4   109.4  1206.8  1297.4  1593.3  1705.1  1770.4  1833.4  1909.3  2077.4  3012.6  7780.2  9642.1 13649.9  39212.8    40000
read     1724.7   951.1   101.3  1143.2  1243.9  1554.5  1667.5  1729.5  1789.4  1865.3  2018.2  2954.1  7731.1  8810.3 10963.0  40298.6    45000
read     1838.6   992.3   137.8  1255.3  1336.1  1632.9  1743.3  1824.0  1875.6  1967.9  2138.3  3123.3  7799.1  8968.1 10638.2  38486.8    50000
read     1738.6   955.2   187.4  1189.9  1262.0  1551.8  1662.3  1723.8  1780.2  1861.6  2021.3  2922.1  7753.3  9172.5 11061.6  40565.4    55000
read     1797.7   972.4   137.8  1236.1  1314.6  1603.7  1711.6  1776.4  1834.2  1901.0  2056.2  3055.5  7779.5  8830.8 11645.7  39198.4    60000
read     1751.2   970.6   160.7  1196.8  1274.7  1557.5  1669.5  1731.1  1793.1  1870.3  2033.6  2955.6  7761.4  9730.6 12819.4  40262.0    65000
read     1824.3   988.5   275.4  1235.6  1317.8  1619.7  1732.0  1810.4  1865.3  1961.2  2154.9  3109.9  7789.3  9164.8 12219.1  38760.8    70000
read     1798.0   990.3   127.6  1198.1  1283.9  1587.2  1709.2  1786.5  1851.7  1950.6  2177.7  3081.8  7770.8  9178.4 12540.6  39257.0    75000
read     1840.2  1024.8   148.8  1255.9  1332.1  1630.9  1742.7  1825.7  1878.9  1977.3  2154.9  3113.7  7815.7 10052.9 16009.0  38503.0    80000
Warning! Detected max cpu usage > 95%
CPU Usage Stats (avg/min/max): 66.23%,0.00%,100.00%
