#type       avg     std     min      p5     p10     p50     p67     p75     p80     p85     p90     p95     p99    p999   p9999     QPS   target
read      326.4   182.1   109.4   198.3   220.2   311.2   348.7   370.2   386.8   405.1   433.4   484.1   588.9  2361.7  7884.7   5063.8     5000
read      336.9   131.4    93.8   184.6   216.1   327.6   368.5   392.4   410.4   433.9   466.4   508.8   597.2  1206.1  4258.2   9978.0    10000
read      344.5   122.1   101.3   171.9   201.7   337.1   383.9   411.4   432.4   459.1   490.9   534.0   631.9   960.7  3025.8  14895.8    15000
read      360.6   141.9    86.8   163.7   188.7   353.1   411.2   444.4   470.1   497.5   530.0   577.7   688.9  1326.2  2344.8  20107.6    20000
read      367.4   157.2    86.8   156.7   180.6   359.7   425.9   463.9   489.8   517.4   548.9   604.0   728.7  1088.7  3817.0  25065.4    25000
read      375.2   160.0    86.8   159.4   182.0   362.9   439.4   479.9   505.4   535.1   572.8   633.8   774.6  1091.0  3810.1  30140.4    30000
read      382.5   182.0    80.4   157.9   181.0   364.7   447.7   491.1   519.1   549.4   591.7   661.2   808.2  1253.5  5252.4  34994.6    35000
read     1742.7   980.3   101.3  1103.5  1223.2  1573.3  1694.1  1762.3  1830.5  1912.4  2086.2  2957.1  7761.5  9265.5 12295.5  39451.8    40000
read     1740.9   993.6    80.4  1062.2  1173.9  1581.8  1708.6  1787.8  1853.8  1949.3  2130.8  2975.0  7761.6  9851.0 13310.5  39888.2    45000
read     1832.3  1005.6   109.4  1232.0  1316.7  1628.6  1742.1  1825.6  1879.4  1978.2  2158.1  3105.2  7805.6  9106.5 12896.4  38607.9    50000
read     1874.2   993.4   148.8  1259.1  1342.4  1667.8  1798.5  1875.0  1951.9  2038.0  2259.8  3151.1  7799.8  8339.9 11970.0  37656.4    55000
read     1790.7   967.6   297.4  1239.5  1313.3  1592.0  1704.3  1770.2  1833.0  1908.2  2074.2  3021.9  7777.1  9273.1 11872.6  39366.6    60000
read     1755.9   964.3   160.7  1207.7  1287.0  1559.9  1672.1  1734.8  1799.2  1874.1  2033.6  2952.7  7765.0  9219.8 12378.2  40228.0    65000
read     1774.5   970.2   137.8  1222.9  1301.0  1581.6  1689.7  1743.8  1807.4  1873.3  2024.3  3011.0  7770.0  8940.9 13062.3  39731.1    70000
read     1783.9   973.3   187.4  1226.0  1305.3  1588.6  1700.9  1765.3  1829.5  1903.7  2071.0  3007.5  7776.0  9787.7 13409.2  39495.2    75000
read     1854.7  1009.8   374.7  1251.9  1330.1  1647.7  1770.8  1849.7  1910.3  2002.1  2183.7  3115.1  7814.1  9743.7 11949.7  38232.0    80000
Warning! Detected max cpu usage > 95%
CPU Usage Stats (avg/min/max): 66.23%,0.50%,100.00%
