#type       avg     std     min      p5     p10     p50     p67     p75     p80     p85     p90     p95     p99    p999   p9999     QPS   target
read      298.5   102.4    93.8   188.9   207.0   288.4   321.4   341.1   355.8   372.4   396.4   435.3   524.8  1081.9  3182.0   4936.6     5000
read      334.2   103.6    93.8   188.1   216.1   325.7   367.8   391.5   408.4   430.7   462.5   504.9   591.4   951.1  2527.1  10037.6    10000
read      359.4   143.4    93.8   173.5   205.3   349.5   400.2   431.9   456.6   484.0   514.5   557.6   673.1  1456.7  4242.9  14948.2    15000
read      367.6   150.8    86.8   165.6   192.1   355.1   415.3   451.3   476.8   504.2   538.3   589.6   756.9  1721.6  2770.5  20046.6    20000
read      371.3   149.9    93.8   157.9   181.8   364.0   431.7   468.9   494.6   522.5   554.6   609.8   730.5  1155.3  2242.4  25029.8    25000
read      379.2   188.2    93.8   159.6   182.5   361.5   438.4   481.2   508.3   538.6   577.4   640.2   799.6  1882.1  5330.3  30076.3    30000
read      391.8   185.5    86.8   160.2   184.4   371.6   457.1   500.3   528.9   561.4   605.6   685.1   873.4  1478.6  4573.3  34999.6    35000
read     1710.4  1006.1   101.3   939.5  1081.2  1544.7  1706.0  1807.3  1882.2  2012.4  2323.8  2963.2  7714.7  9935.9 14628.4  39825.4    40000
read     1818.7   996.1   173.5  1225.8  1311.2  1614.2  1733.0  1814.3  1870.1  1964.6  2146.4  3077.6  7793.7  9258.0 13079.5  38832.0    45000
read     1803.5  1006.1   275.4  1218.1  1300.3  1599.9  1718.1  1794.2  1853.5  1943.7  2135.7  3045.9  7791.9 10055.4 14853.7  39208.2    50000
read     1828.0   986.7   118.1  1223.2  1311.6  1625.8  1742.3  1825.6  1879.0  1979.3  2170.0  3104.7  7793.5  8924.6 11337.2  38635.9    55000
read     1840.0  1000.3   218.6  1233.5  1316.8  1633.1  1752.3  1835.8  1890.0  1993.9  2187.2  3131.0  7801.6  9407.3 12762.4  38412.8    60000
read     1787.0   966.0   127.6  1216.6  1298.7  1592.6  1711.6  1786.0  1847.6  1932.6  2092.3  3002.8  7768.5  8889.1 12558.1  39478.4    65000
read     1804.7   965.8   137.8  1240.6  1319.8  1611.6  1720.5  1789.8  1844.3  1917.0  2075.5  3062.1  7776.2  9027.0 11033.9  39054.4    70000
read     1807.8   980.0   202.4  1216.0  1302.2  1610.6  1725.7  1802.6  1859.2  1949.7  2139.4  3071.4  7772.9  9381.3 12459.7  39068.6    75000
read     1800.1   976.1   202.4  1234.7  1311.5  1597.2  1714.0  1789.2  1851.3  1942.5  2122.7  3029.5  7769.5  9158.3 12867.3  39216.4    80000
Warning! Detected max cpu usage > 95%
CPU Usage Stats (avg/min/max): 66.30%,0.00%,100.00%
