#type       avg     std     min      p5     p10     p50     p67     p75     p80     p85     p90     p95     p99    p999   p9999     QPS   target
read      322.7   112.8   101.3   193.6   216.3   309.1   347.8   369.6   387.0   407.6   438.6   494.8   619.2  1157.7  3637.4   4949.4     5000
read      353.2   177.1   101.3   189.1   222.2   338.9   383.9   412.2   434.5   462.2   495.4   542.3   666.8  1424.2  5720.2   9920.2    10000
read      346.5   119.9    93.8   169.0   200.1   339.1   387.0   415.9   437.3   464.6   496.1   539.2   632.1   878.6  2337.4  14966.8    15000
read      358.8   153.5    93.8   163.3   189.5   349.5   406.4   440.9   466.1   493.5   525.6   573.6   688.0  1222.2  5032.5  20032.7    20000
read      373.6   154.8    86.8   162.6   185.4   363.4   434.8   474.8   500.0   528.1   562.2   618.9   742.8  1014.1  3877.2  25022.2    25000
read      412.7   212.8    86.8   161.6   187.4   389.0   477.5   519.2   546.9   583.1   634.5   727.2  1064.5  2083.6  3845.8  29989.4    30000
read      426.4   240.3    86.8   162.4   188.5   392.5   487.8   533.8   567.6   610.7   673.7   781.9  1227.3  2183.9  7198.3  34897.8    35000
read     1746.7   996.6    93.8  1073.6  1214.0  1571.9  1700.1  1775.8  1842.7  1937.5  2171.0  3021.9  7756.0  9075.0 10812.9  38983.4    40000
read     1782.3   980.6   148.8  1099.1  1188.6  1607.4  1736.0  1826.0  1886.1  1994.5  2189.7  3055.8  7754.7  9094.8 12952.1  39438.8    45000
read     1839.2   985.0   218.6  1232.8  1319.4  1643.9  1763.4  1843.6  1900.9  1996.4  2166.5  3088.4  7791.0  9532.7 12137.8  38397.4    50000
read     1803.3   985.9   127.6  1136.3  1226.2  1631.9  1751.3  1834.1  1885.8  1982.8  2148.3  3049.8  7781.9  8866.6 12331.7  39094.9    55000
read     1858.0   999.3   137.8  1248.8  1335.4  1658.6  1779.4  1856.2  1919.2  2006.5  2178.3  3126.5  7806.8  9273.4 12125.8  38077.2    60000
read     1853.3  1005.7   187.4  1164.2  1260.7  1655.9  1800.2  1888.9  1973.2  2076.2  2287.9  3096.8  7805.8  8881.8 10657.2  38172.2    65000
read     1849.6   990.3   101.3  1251.7  1333.5  1646.2  1768.8  1848.8  1909.7  2001.9  2178.9  3120.3  7798.5  9210.4 11407.7  38184.8    70000
read     1842.3  1013.8   218.6  1125.2  1228.8  1647.1  1798.3  1885.7  1975.4  2090.1  2331.4  3115.8  7795.3  9321.7 12259.9  38340.5    75000
read     1867.7  1001.5   160.7  1249.0  1334.1  1660.6  1794.7  1873.2  1948.6  2033.4  2228.1  3134.5  7808.0  9340.8 11460.3  37883.2    80000
Warning! Detected max cpu usage > 95%
CPU Usage Stats (avg/min/max): 65.73%,0.00%,100.00%
