#type       avg     std     min      p5     p10     p50     p67     p75     p80     p85     p90     p95     p99    p999   p9999     QPS   target
read      362.3   297.9   109.4   222.3   241.8   323.8   360.0   383.1   403.1   430.3   470.8   537.0  1158.7  4445.5 10044.3   4945.2     5000
read      468.1   698.3   109.4   210.8   238.9   360.0   419.9   457.5   484.6   514.4   557.4   681.8  4441.9  8483.2 12119.2   9992.2    10000
read      606.0  1039.1   109.4   204.6   241.1   428.0   513.1   558.3   594.2   650.2   739.5  1172.2  6655.8 13108.2 16113.9  14892.6    15000
read      504.3   567.3   109.4   190.1   223.2   418.3   514.0   561.2   597.6   648.0   720.4   895.2  2342.2  8040.6 12183.0  19914.2    20000
read      669.8   835.7    93.8   201.2   244.6   504.9   627.2   708.3   773.2   876.6  1080.1  1606.4  4140.5 10646.4 15588.2  24897.8    25000
read      645.6   652.6    93.8   200.8   246.8   508.9   634.8   715.9   779.4   889.1  1085.8  1527.2  3123.7  7979.1  9463.1  29988.2    30000
read      844.3   784.6    93.8   227.6   281.1   644.7   871.3  1053.4  1207.3  1361.9  1535.4  1833.5  3939.7  8079.0 10341.9  34966.0    35000
read     1766.8  1009.7   127.6  1248.4  1355.4  1557.7  1636.0  1704.2  1747.7  1848.8  2035.5  3014.9  7779.9  9543.5 15110.6  39016.8    40000
read     2052.1  1122.8   255.0  1528.9  1605.5  1790.9  1861.8  1912.0  1970.8  2029.5  2266.5  3499.7  7916.9  9912.8 15294.9  34751.6    45000
read     1896.7  1027.6   218.6  1439.4  1504.5  1668.6  1730.3  1782.3  1832.6  1882.9  2032.9  3208.7  7845.3  9583.4 12971.3  37462.2    50000
read     1953.7  1024.5   255.0  1484.5  1532.8  1728.1  1817.5  1864.2  1906.7  1988.5  2133.9  3251.2  7865.7  9604.9 11934.0  36453.8    55000
read     1839.7  1023.2   160.7  1374.2  1413.7  1586.5  1672.4  1727.2  1786.3  1876.7  2159.1  3143.8  7800.0  9063.2 12089.8  38360.8    60000
read     2109.5  1088.5   148.8  1626.5  1664.2  1854.2  1939.9  1991.0  2022.9  2105.7  2277.1  3596.2  7911.4  9530.3 13447.1  33886.2    65000
read     1896.0  1006.0   321.2  1445.9  1512.2  1683.1  1738.4  1791.0  1831.1  1871.2  2001.9  3201.3  7848.1  9142.6 11628.3  37469.2    70000
read     1897.2  1054.2   255.0  1425.6  1497.7  1654.9  1721.8  1767.2  1825.5  1883.8  2114.1  3206.6  7838.3  9978.8 15438.9  37312.3    75000
read     2006.2  1124.6   187.4  1504.4  1557.0  1760.5  1840.4  1878.0  1932.1  2002.1  2172.2  3394.1  7931.8 12901.7 15908.3  35623.6    80000
Warning! Detected max cpu usage > 95%
CPU Usage Stats (avg/min/max): 66.23%,0.50%,100.00%
