#type       avg     std     min      p5     p10     p50     p67     p75     p80     p85     p90     p95     p99    p999   p9999     QPS   target
read      346.7   241.4   118.1   215.3   234.3   311.4   345.8   368.2   387.0   412.9   454.7   522.9  1120.2  2322.1  7921.9   5043.8     5000
read      452.1   585.3   109.4   213.2   240.8   358.4   422.3   462.6   489.9   520.0   560.9   688.7  3066.0  7985.3 10065.4   9951.4    10000
read      501.6   741.6   109.4   197.6   229.9   388.7   470.6   509.1   537.3   572.8   629.0   794.6  3539.4  9617.2 15920.2  15037.2    15000
read      481.0   521.0   101.3   188.4   220.2   405.0   497.0   540.8   574.4   617.6   681.1   811.1  2185.8  7843.0 12232.4  20000.2    20000
read      508.8   467.8   101.3   189.6   226.5   441.3   536.2   588.1   629.0   678.4   745.2   909.8  2027.8  7060.3  8134.8  25073.6    25000
read      576.3   521.0   101.3   195.9   240.1   485.0   594.1   662.5   714.0   779.5   904.3  1227.9  2460.2  7653.3  9439.0  30028.2    30000
read      861.6   855.5   101.3   229.3   285.2   645.9   881.0  1071.4  1225.7  1374.4  1526.1  1831.2  4785.4  8442.7 15023.9  34957.0    35000
read     1825.7  1022.1   173.5  1334.8  1408.9  1595.7  1676.2  1719.7  1748.4  1847.4  2064.1  3113.3  7808.9  9565.3 15353.7  38333.8    40000
read     1754.2   980.5   137.8  1317.3  1391.7  1550.8  1606.0  1655.6  1697.4  1739.1  1900.1  2977.4  7779.1  9884.7 14716.9  40076.0    45000
read     1912.8  1012.9   218.6  1447.9  1512.5  1690.7  1755.4  1814.3  1851.2  1894.0  2037.2  3254.1  7833.6  9365.5 11886.9  37095.5    50000
read     1944.4  1045.9   321.2  1504.3  1541.4  1716.1  1790.6  1835.5  1863.5  1908.7  2022.9  3298.5  7865.7  9968.0 14952.9  36656.4    55000
read     1901.2  1073.0   148.8  1429.8  1490.9  1636.9  1710.6  1745.3  1814.0  1884.7  2177.3  3222.3  7857.3  9972.7 15023.5  37190.0    60000
read     1877.7  1031.5   218.6  1411.4  1455.1  1618.7  1700.8  1739.4  1804.8  1887.2  2193.6  3188.9  7823.8  8963.5 12011.5  37671.6    65000
read     1918.8  1054.6   118.1  1401.2  1471.7  1674.6  1743.6  1815.2  1862.1  1959.9  2271.5  3260.2  7858.6  9393.6 12965.4  37039.4    70000
read     1997.5  1079.0   202.4  1507.9  1556.3  1738.9  1823.9  1865.4  1904.2  1992.4  2185.6  3418.7  7879.3  9731.5 15561.0  35538.4    75000
read     1863.5   988.1   236.1  1414.2  1491.9  1656.8  1717.3  1745.8  1799.4  1854.0  1980.0  3155.3  7819.3  8844.0 12435.0  38040.4    80000
Warning! Detected max cpu usage > 95%
CPU Usage Stats (avg/min/max): 66.57%,1.00%,100.00%
