#type       avg     std     min      p5     p10     p50     p67     p75     p80     p85     p90     p95     p99    p999   p9999     QPS   target
read      345.4   216.3   118.1   216.5   236.0   315.1   351.4   372.8   392.8   418.3   456.4   527.1  1010.7  2163.6  7495.5   5022.0     5000
read      478.8   701.9   109.4   212.2   239.8   359.3   419.2   456.8   483.9   514.4   558.8   710.9  4159.8  8179.0 11515.2  10004.4    10000
read      467.5   548.4   109.4   200.9   233.0   392.9   472.7   509.9   536.7   570.1   618.8   712.4  2398.7  7890.5 12442.3  14949.6    15000
read      562.8   887.8   109.4   192.9   227.1   423.3   513.8   560.1   597.5   650.0   729.6  1094.0  4811.3 12592.3 16391.9  19944.0    20000
read      638.4   844.9   101.3   197.2   239.8   474.6   578.3   644.4   696.9   772.1   943.8  1625.9  4259.0  9980.2 15627.7  24926.4    25000
read      559.2   528.7   101.3   191.3   231.9   468.4   575.3   640.0   689.6   750.1   865.1  1171.5  2358.6  7733.3  9381.3  29977.7    30000
read      940.6   747.6    93.8   275.7   341.5   767.6  1024.9  1222.3  1354.9  1478.4  1607.9  1901.8  3179.5  8037.1 10145.9  35053.2    35000
read     1838.8  1042.4   187.4  1391.9  1429.7  1599.0  1676.5  1717.8  1743.6  1832.7  2023.5  3122.8  7838.9  9569.6 15052.9  38216.4    40000
read     2209.1  1124.0   236.1  1649.2  1715.8  1929.5  2018.6  2097.4  2164.3  2276.0  2526.5  3757.9  7933.8  9407.1 12901.2  32367.4    45000
read     1932.9  1099.1   202.4  1435.1  1500.4  1670.6  1742.4  1817.3  1867.4  1965.0  2167.3  3265.5  7884.6 10130.6 15514.8  36833.6    50000
read     1972.8  1078.4   160.7  1501.8  1535.8  1719.2  1808.7  1861.0  1909.2  2007.5  2232.2  3304.4  7872.8 10438.3 15064.2  36141.4    55000
read     1805.6   988.1   236.1  1396.5  1433.5  1594.6  1667.3  1708.5  1734.2  1798.5  1920.6  3049.5  7799.1  9439.7 14902.4  39239.2    60000
read     1928.9  1016.3   148.8  1447.8  1519.3  1706.9  1786.3  1839.2  1872.2  1950.2  2112.4  3268.1  7841.0  9346.8 12531.4  36839.8    65000
read     1951.9  1070.9   218.6  1489.9  1523.9  1699.4  1775.2  1839.2  1879.2  1980.5  2184.5  3290.0  7878.4 10038.6 14903.9  36483.4    70000
read     1971.4  1070.2   236.1  1511.2  1549.5  1717.9  1796.6  1845.4  1876.0  1964.9  2165.4  3337.7  7888.1  9829.6 15180.9  36152.8    75000
read     1962.5  1045.5   255.0  1508.7  1547.6  1719.1  1799.6  1848.6  1879.1  1969.2  2149.1  3316.1  7865.2  9750.5 14419.5  36197.6    80000
Warning! Detected max cpu usage > 95%
CPU Usage Stats (avg/min/max): 66.56%,1.00%,100.00%
