#type       avg     std     min      p5     p10     p50     p67     p75     p80     p85     p90     p95     p99    p999   p9999     QPS   target
read      341.1   187.7   109.4   220.3   237.8   313.8   347.0   368.4   385.7   408.1   444.7   505.5   988.3  2149.8  7637.0   4997.6     5000
read      486.0   738.7   118.1   212.2   240.0   359.3   421.5   460.4   488.0   519.8   566.5   736.5  4678.0  8136.8 11016.5  10075.0    10000
read      456.7   476.2   101.3   200.4   230.7   386.8   466.0   503.1   529.3   560.3   609.0   711.1  2220.6  7196.7  8516.7  15041.2    15000
read      516.1   685.4   101.3   189.3   221.2   404.5   497.7   541.1   575.1   620.6   686.5   873.9  3725.7  8184.8 13280.7  19881.0    20000
read      542.5   678.1   101.3   189.1   225.4   441.2   536.5   589.5   631.6   683.4   762.4  1051.5  2585.7  9961.5 15752.5  24872.6    25000
read      657.1   702.3   101.3   203.0   249.8   508.2   630.8   708.9   774.9   888.8  1109.7  1586.0  3633.6  8026.3 11612.8  29909.0    30000
read      941.5   759.7   101.3   274.2   343.1   776.5  1022.8  1202.8  1332.8  1470.9  1613.8  1871.3  3320.5  8100.4 11335.7  34887.6    35000
read     1882.8  1028.7   160.7  1435.0  1501.8  1655.0  1716.2  1745.0  1803.7  1865.4  2016.9  3206.7  7831.1  9545.5 13501.3  37467.1    40000
read     1806.3   989.6   160.7  1338.0  1402.0  1573.2  1646.3  1705.4  1742.4  1848.9  2117.9  3090.8  7783.1  9066.7 11697.0  38958.8    45000
read     1884.7  1022.3   297.4  1413.2  1470.7  1654.7  1726.2  1781.1  1834.7  1893.3  2092.4  3173.8  7835.9  9170.0 12941.3  37704.2    50000
read     1822.8   991.7   255.0  1394.8  1430.9  1593.3  1668.6  1712.5  1739.9  1826.2  2003.8  3106.3  7803.8  9104.2 11265.0  38803.6    55000
read     1889.4  1009.2   202.4  1439.3  1504.6  1670.7  1731.3  1782.2  1829.2  1876.3  2024.6  3185.1  7845.8  9265.5 11601.7  37613.6    60000
read     1866.7  1021.0   218.6  1414.8  1466.8  1624.8  1698.7  1733.5  1779.7  1860.3  2097.5  3150.4  7828.0  9344.7 11958.3  38018.5    65000
read     1943.0  1034.7   275.4  1509.9  1542.8  1704.6  1768.7  1822.5  1856.1  1902.6  2078.1  3306.0  7860.4  9564.4 12397.9  36661.9    70000
read     1782.6   974.4   173.5  1393.4  1420.5  1571.4  1624.6  1677.6  1710.7  1743.9  1889.1  3035.1  7783.0  9898.0 14801.9  39595.4    75000
read     1803.3  1033.2   236.1  1347.1  1400.2  1566.9  1635.1  1689.7  1723.8  1790.3  1983.8  3082.0  7811.6  9472.2 15512.0  39163.6    80000
Warning! Detected max cpu usage > 95%
CPU Usage Stats (avg/min/max): 65.80%,0.50%,100.00%
