#type       avg     std     min      p5     p10     p50     p67     p75     p80     p85     p90     p95     p99    p999   p9999     QPS   target
read      333.9   201.5   127.6   213.1   230.4   305.3   339.4   360.3   374.9   398.1   432.8   497.0  1010.3  2223.0  7836.8   5015.4     5000
read      399.1   395.7   109.4   206.3   229.5   338.9   393.0   428.8   455.2   484.6   521.6   593.7  1929.1  6462.2  8119.7   9999.6    10000
read      501.4   783.7   109.4   198.6   229.7   388.8   467.4   503.8   530.6   563.5   615.1   735.4  4432.1 10548.6 15285.0  15079.2    15000
read      545.2   790.1   101.3   193.2   229.3   431.1   517.4   562.5   597.9   644.9   716.4   960.9  3643.7 10947.4 17059.6  19935.0    20000
read      502.5   511.8    86.8   184.4   218.4   423.8   520.2   571.5   611.3   661.4   732.0   923.7  2180.1  7950.8  9700.9  25085.2    25000
read      568.3   660.7   101.3   188.5   227.1   457.0   564.7   629.4   678.7   740.9   863.8  1287.9  2784.1  8736.5 16042.2  29946.8    30000
read      863.3   893.2    93.8   222.5   274.8   624.7   855.2  1073.2  1270.3  1419.7  1545.5  1820.7  5377.0  8570.7 13546.0  35121.2    35000
read     1626.3   958.0   101.3   919.0  1122.7  1469.5  1562.2  1609.4  1673.5  1754.8  2006.5  2758.9  7708.4  9562.4 12450.3  39623.2    40000
read     1910.5  1055.9   236.1  1433.1  1508.2  1680.3  1738.4  1794.3  1836.3  1878.4  2036.4  3271.9  7863.4  9901.7 14987.9  37243.6    45000
read     1945.9  1077.3   160.7  1492.4  1525.0  1697.4  1763.1  1819.5  1854.7  1903.1  2101.5  3321.2  7884.6  9959.2 15689.3  36604.2    50000
read     2068.7  1144.5   275.4  1542.3  1617.0  1798.8  1872.6  1940.5  1995.8  2079.5  2297.4  3515.8  7940.7 10295.8 16258.6  34522.2    55000
read     1882.8  1006.3   236.1  1442.4  1504.4  1660.9  1720.6  1754.1  1811.1  1868.2  2021.4  3174.6  7830.0  9353.6 12539.7  37655.5    60000
read     1927.8  1002.4   187.4  1513.4  1559.7  1719.3  1787.9  1829.1  1854.9  1880.7  1990.8  3242.5  7850.1  9268.9 11646.4  36942.2    65000
read     1712.7   942.7   275.4  1309.5  1359.9  1498.8  1570.1  1603.7  1644.2  1718.0  1882.2  2898.2  7747.0  8753.5 12074.5  41176.0    70000
read     1997.0  1088.5   173.5  1517.8  1558.2  1732.7  1820.7  1866.0  1912.2  2001.5  2188.2  3397.6  7903.5  9869.0 15490.6  35637.0    75000
read     1887.5  1009.5   202.4  1470.7  1512.8  1664.7  1721.8  1754.4  1810.5  1866.7  2018.6  3183.3  7839.7  9343.9 12287.5  37701.1    80000
Warning! Detected max cpu usage > 95%
CPU Usage Stats (avg/min/max): 66.03%,1.00%,100.00%
