#type       avg     std     min      p5     p10     p50     p67     p75     p80     p85     p90     p95     p99    p999   p9999     QPS   target
read      287.5   127.7    93.8   195.0   209.9   270.5   295.2   311.2   322.0   337.7   359.1   401.7   694.2  1926.4  3934.2   4911.4     5000
read      329.0   187.0   101.3   192.6   219.9   309.9   346.4   368.6   386.1   407.3   441.0   491.7   669.4  2115.3  9496.9   9955.6    10000
read      341.9   199.0    93.8   172.0   200.4   322.4   369.2   398.1   420.7   447.1   478.8   526.8   712.2  2598.6  7838.2  14992.2    15000
read      379.0   396.5    93.8   163.6   189.4   334.9   398.2   437.7   463.1   491.4   526.5   587.8  1213.0  6957.2  9492.7  20014.2    20000
read      364.9   265.7    93.8   156.7   180.3   334.7   404.3   445.4   470.2   498.0   532.7   589.9   854.7  3886.0  7951.5  24938.4    25000
read      435.2   529.6    86.8   154.2   178.6   353.1   442.8   486.1   515.6   550.1   607.8   762.9  2213.9  7811.3  9897.6  30037.2    30000
read      444.4   577.6    86.8   151.9   176.3   353.1   449.9   498.0   532.2   575.3   640.1   870.5  1964.3  8148.1 11815.6  34972.2    35000
read      437.5   413.2    86.8   152.3   179.9   368.1   467.9   519.1   556.0   604.6   674.6   840.7  1674.6  6117.0  9137.8  40116.2    40000
read      649.6   629.7    86.8   178.6   226.2   499.6   658.8   784.0   915.1  1042.7  1150.3  1381.7  2913.6  7821.6 10367.5  44929.0    45000
read      795.9   535.2    86.8   237.4   303.7   730.5   934.3  1011.5  1065.2  1133.8  1255.8  1597.4  2258.2  7497.2  8536.0  49906.0    50000
read     1348.2   709.2   127.6  1023.7  1058.2  1190.6  1247.9  1274.8  1314.8  1379.6  1811.1  2308.0  4092.0  8082.1 10140.5  50592.4    55000
read     1399.0   876.2   118.1  1030.1  1071.7  1210.7  1263.6  1299.7  1350.0  1434.0  1966.9  2363.3  7015.9 10440.9 16544.0  49167.0    60000
read     1311.2   717.4   187.4   998.1  1030.5  1145.2  1186.8  1236.3  1269.0  1349.4  1889.3  2250.1  4516.3  8113.0 10235.2  52039.2    65000
read     1384.0   745.9   173.5  1057.5  1104.4  1223.0  1269.9  1307.8  1347.6  1391.0  1660.0  2358.1  5775.4  8110.7 10426.0  49671.2    70000
read     1407.8   763.2   160.7  1080.4  1114.2  1240.5  1287.3  1337.8  1369.3  1440.1  1703.0  2395.9  6609.8  8126.8 10391.0  48972.0    75000
read     1371.9   773.4   137.8  1035.6  1071.1  1192.9  1250.0  1276.8  1321.3  1384.2  1851.2  2336.0  6123.7  8126.8 11637.2  49994.6    80000
Warning! Detected max cpu usage > 95%
CPU Usage Stats (avg/min/max): 66.46%,1.00%,100.00%
