#type       avg     std     min      p5     p10     p50     p67     p75     p80     p85     p90     p95     p99    p999   p9999     QPS   target
read      283.7    99.2   109.4   191.2   206.4   270.3   296.3   313.2   325.1   340.5   362.7   402.7   541.3  1727.1  2875.3   5059.2     5000
read      314.1   128.7    93.8   187.6   210.5   298.3   334.0   354.1   370.3   391.2   420.3   469.9   657.7  1778.7  3769.0  10014.0    10000
read      345.4   234.2    93.8   174.3   201.9   318.2   364.6   393.1   415.0   441.6   473.4   525.5  1043.9  3271.5  7785.6  14899.8    15000
read      363.8   237.9    93.8   164.5   190.3   338.8   400.0   438.2   462.4   489.2   521.3   575.3   833.3  3117.9  8004.0  20073.2    20000
read      426.6   532.7    86.8   158.7   183.7   354.8   436.5   476.2   502.5   533.9   578.6   679.8  2118.0  7757.1 11512.6  25023.6    25000
read      420.2   483.9    86.8   154.5   178.7   352.5   440.9   483.1   511.0   544.5   593.7   694.0  1669.1  7539.4  8795.6  29863.0    30000
read      421.1   403.7    86.8   153.7   178.7   359.1   452.8   498.7   531.2   570.9   627.8   742.8  1521.7  5959.6  8205.0  34966.6    35000
read      492.7   493.3    86.8   160.3   192.0   401.7   504.2   558.8   603.6   667.0   775.0  1072.5  2208.1  7427.1  9308.2  40016.2    40000
read      437.3   310.6    93.8   158.1   186.8   382.5   486.8   539.0   579.4   629.5   697.1   834.3  1472.5  3907.3  7633.0  44936.0    45000
read      646.3   466.9    86.8   198.1   251.5   549.7   720.6   836.5   916.4   994.4  1086.9  1301.8  2033.1  6686.8  9796.8  50020.1    50000
read     1334.1   712.7   160.7  1019.5  1048.1  1177.6  1235.9  1265.9  1287.7  1362.8  1723.1  2289.8  4136.7  8104.6 10214.5  50992.5    55000
read     1328.6   707.1   173.5  1024.6  1050.5  1170.6  1225.3  1257.2  1277.1  1347.8  1706.0  2287.4  3931.5  8097.9 10205.5  51382.3    60000
read     1314.9   725.3   127.6  1008.1  1036.2  1154.3  1198.9  1241.0  1267.3  1330.0  1754.9  2259.4  4779.9  8120.4 10471.3  51870.5    65000
read     1348.3   761.1   218.6  1023.9  1052.4  1174.0  1231.5  1263.3  1283.3  1368.0  1839.0  2307.1  5438.6  8131.7 11329.8  50733.1    70000
read     1342.8   735.3   137.8  1024.6  1047.7  1166.7  1223.2  1259.8  1282.7  1371.7  1905.0  2305.6  4914.5  8089.4 10038.0  50870.8    75000
read     1400.5   761.5   255.0  1063.4  1107.6  1231.0  1277.4  1326.2  1363.3  1436.1  1733.2  2389.1  6203.6  8113.0 10211.8  49095.9    80000
Warning! Detected max cpu usage > 95%
CPU Usage Stats (avg/min/max): 65.66%,0.50%,100.00%
