#type       avg     std     min      p5     p10     p50     p67     p75     p80     p85     p90     p95     p99    p999   p9999     QPS   target
read      291.1   124.8   101.3   194.0   210.2   273.2   299.9   316.8   329.9   344.9   369.0   420.2   670.2  1684.2  4573.7   4991.8     5000
read      321.7   155.8   101.3   188.5   214.9   304.7   341.6   363.3   379.0   400.1   431.6   480.4   643.6  2036.3  4748.8  10007.6    10000
read      339.6   160.1    93.8   175.2   203.4   320.9   367.8   397.0   420.3   448.1   482.1   530.0   708.9  2145.0  3999.7  14953.6    15000
read      430.9   616.6   101.3   165.5   191.1   348.2   417.3   456.4   482.0   510.0   549.9   645.2  2359.3  8082.7  9965.5  20114.8    20000
read      400.3   420.7    93.8   159.0   183.8   348.1   427.5   467.6   494.1   524.2   563.9   640.4  1382.6  7392.0  9104.3  25070.6    25000
read      426.3   465.3    86.8   155.6   180.6   357.9   447.3   490.9   520.8   555.9   610.8   726.7  1956.0  7034.7  8133.2  30089.6    30000
read      479.4   508.2    93.8   157.5   186.6   389.9   490.2   540.2   580.5   635.4   721.9   996.7  2233.6  7382.8  8665.6  35108.4    35000
read      435.7   329.7    93.8   154.6   182.9   378.5   479.9   531.8   570.5   619.5   686.8   830.8  1451.4  4307.1  7932.3  39956.8    40000
read      498.3   466.4    86.8   163.6   198.5   416.1   524.3   585.0   635.8   702.4   807.8  1031.9  1868.8  6810.7  9227.1  44818.2    45000
read      569.6   442.1    86.8   183.6   226.9   486.2   619.0   703.5   770.9   863.1   976.3  1136.5  1932.2  6857.1  8114.0  49930.4    50000
read     1347.9   712.4   173.5  1039.8  1078.0  1194.1  1247.7  1273.0  1303.1  1362.0  1594.4  2313.5  3679.9  8122.1 12092.1  50717.5    55000
read     1418.6   776.9   148.8  1103.9  1126.0  1251.3  1302.6  1343.2  1368.5  1421.8  1638.1  2431.3  6732.6  8119.2 10922.1  48579.8    60000
read     1301.2   693.4   127.6   994.9  1030.4  1145.3  1185.2  1230.5  1262.3  1331.3  1801.4  2242.7  3790.0  8078.7 10181.2  52349.8    65000
read     1384.6   801.0   187.4  1034.1  1066.7  1188.9  1250.8  1279.9  1334.4  1419.8  1990.3  2354.1  6594.9  8128.1 12395.8  49568.6    70000
read     1387.8   778.4   137.8  1047.6  1094.6  1210.9  1262.2  1292.9  1344.1  1414.1  1818.1  2363.6  6453.9  8129.3 10620.4  49457.6    75000
read     1349.9   746.0   218.6  1022.4  1051.0  1176.7  1236.5  1268.1  1301.5  1383.2  1918.5  2310.9  4947.1  8111.8 11595.4  50821.1    80000
Warning! Detected max cpu usage > 95%
CPU Usage Stats (avg/min/max): 66.03%,2.00%,100.00%
