#type       avg     std     min      p5     p10     p50     p67     p75     p80     p85     p90     p95     p99    p999   p9999     QPS   target
read      289.4   109.8   101.3   194.2   210.0   275.1   302.6   318.1   331.4   346.5   370.2   421.0   568.2  1411.0  3189.6   5066.0     5000
read      349.9   369.1   101.3   191.1   217.2   307.4   345.5   369.0   388.5   414.2   453.0   509.3  1205.5  7654.9  9105.0   9944.2    10000
read      348.0   171.3    93.8   177.1   205.5   326.6   375.8   408.0   433.4   462.8   498.1   548.6   781.6  2380.2  6106.6  14962.6    15000
read      394.6   359.2    93.8   167.8   196.4   345.7   416.9   458.8   486.7   517.3   556.2   643.9  1348.4  6138.7  8735.0  19947.2    20000
read      556.3   765.5    93.8   172.0   205.4   415.3   524.7   582.0   638.5   721.0   831.1  1149.3  4245.0  9336.9 15428.2  24958.2    25000
read      419.9   421.7    93.8   157.2   182.4   360.9   454.4   500.1   530.4   565.9   619.0   725.7  1461.0  7217.5 10803.2  29901.1    30000
read      464.8   584.6    86.8   155.3   181.8   369.3   473.2   521.7   555.9   605.0   686.4   934.8  2108.2  8452.3 10538.9  34937.8    35000
read      455.2   391.4    93.8   160.3   191.3   392.7   494.2   542.9   581.0   632.1   704.8   857.8  1602.9  7113.0  8110.8  39970.2    40000
read      583.9   443.6    93.8   182.2   229.3   499.0   633.3   718.3   783.9   882.3  1005.9  1215.3  1967.9  6033.8  9027.6  45129.0    45000
read     1374.7   777.4   202.4  1014.7  1048.2  1196.1  1265.8  1322.2  1374.6  1474.9  1809.2  2322.1  6079.2  8904.0 12247.1  49377.8    50000
read     1495.9   837.8   160.7  1111.5  1144.8  1297.3  1370.4  1432.4  1485.8  1589.8  1885.9  2517.1  7501.2  8131.0 11040.7  46237.8    55000
read     1418.9   783.5   187.4  1057.1  1105.4  1236.3  1291.8  1350.0  1386.9  1489.4  1904.1  2404.4  6910.6  8123.9 10999.8  48505.2    60000
read     1355.4   763.7   118.1  1019.6  1043.0  1171.5  1237.4  1275.1  1331.4  1433.2  1953.8  2314.3  5142.1  8134.9 11240.2  50491.7    65000
read     1303.1   705.2   118.1   908.6   969.0  1133.0  1198.5  1264.5  1340.0  1523.6  1971.9  2223.7  3625.6  8086.7 14092.7  52078.6    70000
read     1414.8   787.2   173.5  1028.1  1078.0  1233.1  1296.8  1359.3  1417.3  1538.1  2023.8  2401.7  6096.4  8540.3 14486.2  48533.9    75000
read     1404.7   819.0   148.8  1051.4  1101.7  1224.5  1274.4  1324.1  1365.6  1448.3  1814.2  2379.8  7045.2  9505.1 15004.5  49084.8    80000
Warning! Detected max cpu usage > 95%
CPU Usage Stats (avg/min/max): 66.23%,0.00%,100.00%
