#type       avg     std     min      p5     p10     p50     p67     p75     p80     p85     p90     p95     p99    p999   p9999     QPS   target
read      288.5   189.8   101.3   193.5   208.6   271.7   297.3   313.9   325.7   341.3   363.8   403.5   582.1  1660.6  9120.9   5059.6     5000
read      326.2   129.0   101.3   190.5   217.1   307.9   346.1   370.0   389.9   415.0   450.0   501.7   669.1  1939.6  2993.9   9990.8    10000
read      360.3   269.5    93.8   173.8   203.3   324.6   374.4   405.2   430.1   459.9   496.4   554.0  1300.2  3774.8  7902.1  14938.9    15000
read      385.9   382.2    93.8   164.1   190.5   342.5   409.1   449.0   474.5   503.5   539.8   605.2  1151.3  7100.5  8098.9  19879.6    20000
read      394.6   370.3    93.8   160.1   184.6   345.1   424.6   467.1   494.2   524.4   564.5   648.8  1382.8  6263.7  8106.6  24974.6    25000
read      428.2   511.4    86.8   154.2   178.1   346.4   442.2   488.5   519.4   555.1   615.8   750.5  1970.1  7644.9  9935.2  30042.6    30000
read      433.9   417.4    93.8   156.5   184.0   373.2   470.0   516.5   548.2   590.0   651.3   772.5  1495.9  6545.1 10011.3  34818.2    35000
read      449.5   350.0    93.8   159.6   190.9   393.2   491.9   541.5   579.6   628.6   696.4   854.1  1543.9  4526.2  8088.6  40054.9    40000
read      509.2   425.2    86.8   168.0   206.1   434.4   541.8   607.2   660.5   730.4   851.7  1046.9  1823.3  6746.6  8019.2  44993.2    45000
read      688.6   484.8    93.8   209.4   265.3   599.3   782.9   893.6   960.4  1033.6  1133.2  1384.5  2103.6  7221.2  8298.8  50038.4    50000
read     1383.3   750.8   127.6  1045.7  1101.3  1223.8  1271.5  1313.2  1353.2  1412.4  1708.3  2368.1  5505.0  8123.9 11018.0  49480.6    55000
read     1404.5   782.2   202.4  1057.3  1105.4  1226.8  1274.0  1321.3  1362.9  1443.3  1848.3  2396.3  6898.1  8123.6 10421.4  49019.8    60000
read     1398.1   766.8   187.4  1052.4  1101.1  1223.5  1275.1  1329.1  1372.7  1468.7  1790.4  2366.0  6236.7  8130.5 11675.3  49203.6    65000
read     1390.7   752.3   160.7  1051.1  1102.2  1223.6  1271.7  1315.1  1356.6  1427.6  1752.4  2365.2  6134.0  8113.5 10171.1  49426.6    70000
read     1369.3   755.6   148.8  1037.3  1079.5  1203.9  1255.7  1280.1  1325.2  1378.8  1773.1  2339.4  5200.9  8134.6 12504.4  50039.4    75000
read     1348.0   722.8   218.6  1032.4  1063.6  1186.5  1244.1  1271.6  1303.3  1367.8  1684.4  2304.9  4845.6  8096.4 10064.9  50820.5    80000
Warning! Detected max cpu usage > 95%
CPU Usage Stats (avg/min/max): 66.06%,0.50%,100.00%
