#type       avg     std     min      p5     p10     p50     p67     p75     p80     p85     p90     p95     p99    p999   p9999     QPS   target
read      340.4   100.3   101.3   223.3   247.6   334.0   364.3   380.6   392.9   405.9   429.1   469.1   568.2  1285.6  3113.9   4988.2     5000
read      373.3   161.4   101.3   211.0   249.9   364.1   401.8   426.0   444.0   467.0   496.1   539.1   654.2  1898.9  5979.0  10079.4    10000
read      367.6   138.9    93.8   177.0   213.9   362.5   408.2   435.0   457.1   482.0   510.9   550.3   655.7  1307.6  4110.8  15038.4    15000
read      372.9   154.1    86.8   163.6   192.2   368.1   422.3   454.8   478.0   503.0   534.5   582.8   714.8  1630.7  2771.8  19993.2    20000
read      387.6   163.5    86.8   154.6   181.2   385.9   457.9   493.1   515.6   540.7   573.1   624.1   743.1  1497.7  3196.4  24990.2    25000
read      379.6   165.2    86.8   150.1   174.1   374.9   450.8   490.0   514.6   541.1   575.5   628.8   743.5  1276.9  3823.6  29866.6    30000
read      394.3   201.9    86.8   152.7   177.3   378.2   466.9   511.1   538.6   570.5   611.2   676.5   828.0  2227.0  6740.3  34919.6    35000
read      393.7   224.8    86.8   151.8   176.8   368.7   455.6   501.6   532.7   568.5   615.0   689.5   935.3  1986.7  6661.8  40116.8    40000
read      429.2   279.6    86.8   159.4   189.5   394.3   489.5   537.6   573.0   616.3   674.8   772.5  1128.2  2966.5 11311.9  44914.7    45000
read      555.0   397.4    86.8   178.1   221.1   469.2   590.8   677.0   748.2   858.0  1005.9  1190.6  1866.4  3116.6  8101.1  49840.6    50000
read     1388.5   757.9   137.8   965.9  1023.7  1206.9  1314.3  1385.5  1463.0  1585.2  1969.6  2354.7  5351.8  8114.5 10234.6  49247.4    55000
read     1326.0   705.2   127.6   955.8  1001.6  1168.3  1252.6  1310.3  1364.4  1455.1  1817.3  2266.7  3110.1  8097.0 10019.5  51516.1    60000
read     1365.2   731.1   255.0   965.5  1020.7  1197.4  1287.8  1359.2  1420.0  1516.6  1903.0  2325.9  3836.5  8092.8 10631.6  50150.6    65000
read     1606.6  1086.8   127.6   984.7  1038.4  1256.5  1395.9  1526.0  1702.5  2107.1  2501.7  3476.4  7615.3  9048.2 12459.4  43172.7    70000
read     1378.8   727.5   297.4   979.2  1031.8  1212.0  1305.2  1372.2  1437.5  1536.6  1894.9  2339.5  3685.0  8101.2 10131.1  49657.6    75000
read     1351.9   740.3   187.4   962.4  1019.3  1184.9  1271.2  1336.7  1384.1  1480.7  1859.8  2306.0  4045.8  8126.7 12680.9  50767.6    80000
Warning! Detected max cpu usage > 95%
CPU Usage Stats (avg/min/max): 66.40%,1.01%,100.00%
