#type       avg     std     min      p5     p10     p50     p67     p75     p80     p85     p90     p95     p99    p999   p9999     QPS   target
read      365.1   367.4   109.4   230.1   254.3   344.0   376.2   396.6   411.7   431.0   458.1   497.4   603.4  7525.6 13775.6   5007.6     5000
read      363.5   113.8    93.8   207.4   244.4   356.9   396.5   420.5   437.3   459.6   486.0   523.8   621.7  1097.7  3228.4  10093.4    10000
read      368.6   133.3    86.8   183.2   219.2   363.8   412.7   440.4   459.9   481.4   505.8   543.7   640.1  1448.2  4103.8  15012.0    15000
read      374.2   137.0    93.8   168.2   197.7   371.7   431.4   462.7   483.3   504.7   533.7   577.6   685.0  1221.2  2673.4  19903.7    20000
read      382.5   157.0    86.8   157.4   182.6   380.9   452.1   485.1   506.2   531.8   562.7   613.1   737.0  1383.4  2331.9  24984.5    25000
read      396.8   201.6    86.8   153.0   178.2   387.8   468.5   505.3   530.8   559.2   595.0   661.9   852.7  2009.1  6673.1  29899.2    30000
read      385.9   184.6    86.8   150.1   173.8   374.0   457.5   497.9   525.5   556.7   598.6   662.6   797.0  1612.4  3839.0  35085.0    35000
read      396.9   217.2    86.8   152.6   177.9   375.8   465.8   508.6   538.8   575.1   621.9   691.7   876.6  2325.5  6349.1  40084.6    40000
read      403.5   200.6    86.8   156.4   183.4   379.0   469.5   514.9   546.9   586.9   637.9   718.1   939.5  1743.6  4854.2  45022.1    45000
read      460.5   241.7    86.8   171.5   208.9   425.4   524.1   578.0   619.2   669.8   735.8   857.4  1236.1  1796.5  6309.2  49905.0    50000
read     1321.3   705.0   118.1   948.9   999.1  1171.3  1256.3  1315.2  1367.4  1454.3  1752.1  2261.7  2948.5  8093.7 10506.8  51335.6    55000
read     1353.2   739.6   127.6   952.5  1001.0  1182.5  1279.6  1354.2  1416.8  1520.7  1908.1  2301.3  3659.7  8121.5 13759.9  50563.0    60000
read     1321.2   704.7   148.8   952.8   993.5  1158.2  1244.7  1305.9  1365.8  1465.2  1904.9  2256.3  2960.5  8079.2 10820.1  51702.7    65000
read     1347.3   712.6   137.8   971.4  1024.1  1187.4  1273.5  1338.0  1383.2  1469.8  1779.6  2297.0  3152.7  8095.1 11429.5  50783.0    70000
read     1320.8   701.8   137.8   948.5   991.7  1158.6  1242.9  1300.5  1359.6  1459.4  1918.1  2268.0  3085.4  8070.9  9792.0  51707.4    75000
read     1332.1   726.0   218.6   959.0  1007.5  1167.4  1250.3  1307.2  1365.0  1463.5  1908.2  2270.8  3101.3  8124.0 11772.0  51379.1    80000
Warning! Detected max cpu usage > 95%
CPU Usage Stats (avg/min/max): 66.33%,0.51%,100.00%
