#type       avg     std     min      p5     p10     p50     p67     p75     p80     p85     p90     p95     p99    p999   p9999     QPS   target
read      338.1   112.5   109.4   222.4   246.0   331.0   360.6   376.0   390.1   404.2   428.9   469.8   548.1  1905.3  4021.6   4995.1     5000
read      361.7   131.7   101.3   202.5   242.4   355.7   392.4   414.4   431.2   453.4   480.4   517.3   609.3  1461.9  5547.5   9963.2    10000
read      371.5   127.6    93.8   179.8   217.4   370.1   417.1   443.7   463.7   485.6   509.1   546.9   637.6  1085.6  3131.7  15035.6    15000
read      384.8   147.1    93.8   167.9   198.5   384.3   444.6   476.6   497.4   520.3   546.6   590.2   705.5  1232.8  3183.6  20029.0    20000
read      392.2   171.8    93.8   161.7   188.5   385.6   460.3   495.4   518.3   543.0   577.4   633.8   797.5  1698.0  3213.7  25082.0    25000
read      394.0   177.0    86.8   153.2   178.6   389.2   470.6   506.7   531.2   558.4   594.2   658.5   792.9  1698.7  3172.5  29993.8    30000
read      401.1   200.8    86.8   154.6   180.3   385.6   476.5   517.2   543.9   577.3   622.7   695.7   859.6  1507.9  6312.2  35112.6    35000
read      425.4   207.7    86.8   160.0   189.1   405.8   500.9   545.5   579.4   620.8   674.7   753.2   972.8  1539.9  4781.0  40153.4    40000
read      652.6   600.8    86.8   176.0   216.3   492.2   637.9   756.3   916.0  1112.2  1306.6  1613.2  2537.7  7831.9 10145.7  44690.5    45000
read     1267.4   738.5    86.8   469.0   771.1  1167.3  1279.6  1360.6  1430.8  1536.3  1773.3  2227.9  3141.9  8073.1  9988.8  49655.0    50000
read     1336.8   728.4    93.8   885.8   964.1  1176.2  1279.0  1359.6  1432.3  1559.9  1933.2  2299.9  3350.2  8079.2  9951.7  50563.0    55000
read     1361.4   727.0   148.8   918.2   977.6  1189.0  1301.8  1381.0  1460.8  1593.6  1963.4  2323.6  3482.4  8069.8  9937.7  50112.8    60000
read     1335.2   713.1   109.4   928.1   981.9  1174.1  1268.3  1339.4  1394.9  1495.1  1902.5  2284.9  3083.4  8076.6 10086.6  51148.8    65000
read     1331.0   710.5   101.3   893.9   960.3  1171.8  1275.5  1354.9  1425.6  1551.1  1924.2  2271.2  3052.4  8110.9 12183.7  51200.0    70000
read     1262.4   631.1   118.1   809.5   893.7  1116.7  1224.0  1304.1  1383.7  1565.0  1903.9  2172.2  2711.2  7997.0 10088.3  53375.0    75000
read     1295.1   673.3    93.8   849.0   929.9  1142.3  1246.3  1326.5  1399.4  1559.9  1924.0  2220.3  2827.3  8074.9 10514.8  52341.0    80000
Warning! Detected max cpu usage > 95%
CPU Usage Stats (avg/min/max): 66.06%,0.50%,100.00%
