#type       avg     std     min      p5     p10     p50     p67     p75     p80     p85     p90     p95     p99    p999   p9999     QPS   target
read      326.9   109.0   109.4   216.8   238.5   320.4   350.5   367.4   379.1   393.3   410.7   445.2   541.0  1418.1  3461.2   4912.8     5000
read      359.9   133.4    93.8   207.7   245.2   353.9   389.9   409.3   425.4   444.1   469.9   513.6   595.4  1392.4  6464.0   9966.6    10000
read      364.2   133.8    86.8   175.6   214.1   361.7   403.4   429.0   448.2   470.4   501.8   544.6   633.2  1133.2  3920.3  15010.2    15000
read      426.4   254.3    93.8   176.2   213.2   400.9   477.1   518.9   545.0   575.2   615.4   699.1   996.2  2990.9  7897.1  20029.5    20000
read      406.1   229.4    86.8   161.4   190.3   391.4   465.5   508.8   535.2   564.2   598.6   662.0   856.1  2557.7  7884.6  24977.8    25000
read      444.2   301.5    86.8   160.6   189.6   408.4   502.4   548.3   580.7   620.0   676.1   780.9  1410.0  3844.7  7816.1  29861.8    30000
read      411.6   193.6    86.8   154.2   181.8   393.5   485.7   533.8   564.4   598.0   644.7   728.3   918.7  1525.2  2969.8  34828.8    35000
read      419.0   233.8    80.4   157.3   184.9   386.9   482.3   534.6   568.8   608.5   662.3   751.6  1127.4  1949.4  7448.2  39992.1    40000
read      565.7   476.8    86.8   169.4   207.8   456.5   579.0   655.5   727.8   844.6  1054.0  1353.7  2152.8  7487.1  8122.8  44921.6    45000
read     1325.3   767.2    93.8   576.8   945.3  1192.5  1299.9  1375.3  1449.1  1559.8  1825.3  2309.7  4213.4  8101.8 10131.5  49032.6    50000
read     1411.1   780.3   101.3   961.1  1023.7  1235.5  1346.4  1425.0  1491.6  1615.0  1966.8  2396.5  6849.2  8106.9 10175.6  48564.2    55000
read     1403.6   773.9   127.6   962.1  1024.2  1231.2  1340.2  1413.9  1479.4  1591.5  1919.0  2383.2  6226.4  8128.7 10964.2  48925.2    60000
read     1440.2   832.7   202.4   954.2  1012.5  1239.1  1369.4  1468.9  1569.7  1743.0  2065.9  2438.2  7044.2  9335.7 14532.8  47969.4    65000
read     1369.5   739.6   148.8   958.4  1013.7  1196.7  1298.5  1373.3  1444.8  1557.6  1924.7  2325.2  3649.7  8139.1 10894.1  50045.2    70000
read     1370.2   737.5   148.8   952.6  1005.6  1200.5  1303.3  1374.9  1446.4  1562.6  1933.9  2325.6  3917.4  8112.0 10198.8  49987.4    75000
read     1360.2   731.6   236.1   957.5  1010.9  1192.8  1284.3  1358.6  1422.1  1527.1  1900.6  2307.1  3608.8  8100.6 11033.1  50391.0    80000
Warning! Detected max cpu usage > 95%
CPU Usage Stats (avg/min/max): 66.83%,1.00%,100.00%
