#type       avg     std     min      p5     p10     p50     p67     p75     p80     p85     p90     p95     p99    p999   p9999     QPS   target
read      332.5    96.6   109.4   219.3   242.6   326.3   355.6   371.2   384.5   399.9   423.8   462.6   543.6  1046.8  3172.4   4994.6     5000
read      355.8   131.0   101.3   206.2   243.9   349.1   385.4   406.9   425.0   445.3   469.7   506.4   587.2  1178.9  7539.1   9952.8    10000
read      391.5   146.3    93.8   186.2   228.0   383.4   439.7   468.9   488.8   509.1   538.3   588.0   752.5  1494.4  3961.8  14913.2    15000
read      408.4   174.9    93.8   177.7   211.1   401.5   468.3   499.0   520.6   545.1   580.5   644.5   861.9  1811.1  4770.9  19885.4    20000
read      420.9   198.5    86.8   165.5   196.5   409.9   488.3   523.7   547.4   580.2   626.2   706.1   989.4  2079.1  4157.0  24950.8    25000
read      392.5   184.7    86.8   152.6   178.1   384.1   465.2   503.9   530.1   559.7   599.9   666.2   801.9  1429.9  4678.4  30018.4    30000
read      413.3   215.8    86.8   151.6   177.9   401.7   491.4   532.8   561.7   594.9   640.2   709.8   907.1  2366.8  4935.6  35055.2    35000
read      408.7   206.7    86.8   155.0   181.7   387.9   481.0   526.3   557.7   595.5   644.8   722.4   922.4  1747.4  4898.6  40129.4    40000
read      438.9   247.6    86.8   163.9   195.4   408.5   503.8   551.8   589.2   635.4   694.1   788.5  1121.0  2414.1  7552.0  45060.8    45000
read      575.7   393.0    86.8   186.5   234.0   498.2   628.1   714.7   780.1   870.9  1001.6  1192.9  1830.2  3860.2  8050.5  50063.2    50000
read     1373.1   738.3   137.8   938.7   993.2  1210.4  1319.2  1390.1  1463.6  1581.5  1901.3  2326.2  3903.2  8093.9 10474.1  49843.1    55000
read     1314.9   695.0   137.8   880.9   949.5  1159.6  1264.7  1344.7  1415.5  1544.7  1906.6  2239.0  2967.5  8082.4 10111.7  51763.2    60000
read     1315.0   697.6   127.6   883.0   952.1  1159.5  1260.4  1337.3  1404.9  1538.9  1907.5  2246.0  2991.9  8089.7 12281.7  51838.7    65000
read     1339.7   717.5   148.8   962.6  1012.0  1177.5  1266.3  1332.3  1382.2  1476.1  1830.5  2276.6  3095.9  8501.8 12234.3  51040.4    70000
read     1365.9   734.4   236.1   982.9  1030.4  1196.9  1283.6  1354.0  1408.9  1493.3  1848.8  2326.2  4114.6  8117.8 11007.9  50230.0    75000
read     1335.2   712.9   148.8   964.1  1013.8  1174.1  1257.8  1316.2  1367.4  1459.0  1861.8  2278.1  3087.7  8091.0 10975.5  51191.2    80000
Warning! Detected max cpu usage > 95%
CPU Usage Stats (avg/min/max): 65.63%,0.50%,100.00%
