Random waveform, supplied seed
Total number of intervals = 80 (6927, 52892, 98921, 61129, 40613, 53226, 38560, 103465, 104758, 94759, 37799, 8296, 69443, 12517, 43591, 20430, 93758, 10485, 16518, 83230, 5484, 55611, 20774, 96726, 32442, 73039, 74055, 51197, 59442, 35654, 78747, 42212, 52488, 36950, 16762, 79473, 61431, 87172, 108181, 80515, 37149, 13444, 72057, 70041, 90162, 52082, 24258, 72013, 58012, 45398, 50177, 34504, 66010, 73937, 55020, 53235, 97743, 5419, 14764, 7451, 48208, 16149, 78989, 18886, 75954, 44409, 16431, 85707, 58253, 103867, 21604, 90401, 84467, 99700, 32052, 18173, 67789, 51929, 83850, 18614)
Average QPS expected = 53849
Timestamp start: 1778616523759
Timestamp end: 1778617724059

#type       avg     std     min      p5     p10     p50     p67     p75     p80     p85     p90     p95     p99    p999   p9999      QPS   target
read      246.8   113.9    93.8   172.5   188.1   241.0   260.4   270.8   278.6   288.9   301.2   323.6   387.8  1173.1  7059.7   6943.1     6927
read      307.2   257.7    80.4   136.5   152.6   272.4   327.0   356.6   377.9   404.1   442.8   529.2  1104.8  3435.2  7926.3  52867.7    52892
read      449.9   740.0    68.9   142.0   160.9   275.0   349.8   410.2   464.4   550.7   721.3  1288.4  3396.3  9267.8 16116.7  98961.9    98921
read      336.1   357.6    74.4   132.7   148.9   269.6   334.3   371.2   398.4   432.7   486.6   663.7  1842.4  4613.5  7964.1  61083.3    61129
read      296.8   218.5    80.4   137.7   154.1   277.4   327.2   353.4   371.4   394.0   424.3   481.1   780.3  2687.4  8493.6  40624.5    40613
read      315.5   262.2    74.4   133.8   150.2   274.8   335.5   368.7   392.8   422.3   464.0   573.4  1246.7  3331.4  7594.9  53202.2    53226
read      293.6   167.4    80.4   141.2   157.8   279.1   326.6   351.3   368.8   389.8   417.8   468.1   721.4  2195.7  4900.9  38542.7    38560
read      500.4   843.9    74.4   150.1   169.6   276.2   345.6   411.6   485.1   626.5   937.4  1633.9  3654.8 10544.4 16179.0 103500.7   103465
read      526.2   889.7    74.4   151.6   171.5   274.5   340.2   400.1   470.5   640.5  1072.9  1836.1  4210.8  9550.7 15996.4 104715.3   104758
read      421.0   736.3    74.4   138.5   154.8   261.9   331.9   385.4   429.4   492.2   621.4  1062.4  3440.3  9275.1 16130.2  94869.7    94759
read      291.9   201.2    80.4   142.4   158.5   275.3   320.7   344.6   362.2   382.5   409.3   459.6   711.3  2693.1  8050.3  37732.8    37799
read      252.4   157.0    93.8   168.0   184.7   238.2   257.9   269.2   276.7   288.3   302.2   331.6   642.2  1694.2  7567.7   8283.7     8296
read      328.8   411.2    80.4   133.3   148.4   263.1   329.1   366.8   394.2   427.8   474.7   606.5  1718.2  6004.5 12411.3  69419.2    69443
read      262.4   140.7    93.8   163.0   183.2   250.6   273.5   287.1   296.1   309.1   324.7   357.9   617.8  1703.8  6823.6  12528.3    12517
read      298.2   202.9    80.4   140.9   156.7   275.7   326.3   353.1   372.0   395.3   426.8   485.0   862.4  2683.8  7025.0  43488.7    43591
read      280.5   177.2    86.8   155.9   175.6   267.1   297.0   313.9   326.0   341.3   363.1   401.5   701.6  2116.2  7772.1  20378.1    20430
read      430.0   756.5    74.4   138.4   154.8   262.4   331.8   385.0   429.4   493.5   630.6  1178.1  3601.9  9289.0 16129.8  93646.1    93758
read      255.6   127.4    93.8   165.4   184.1   244.4   266.1   277.4   287.3   297.1   314.4   343.5   564.0  1742.0  4490.8  10489.5    10485
read      268.1   119.1    93.8   158.4   178.5   259.1   285.6   299.9   311.4   323.9   342.7   375.6   577.3  1651.3  3655.1  16467.9    16518
read      362.3   540.0    74.4   132.2   147.5   256.4   326.1   370.3   403.0   445.6   513.1   754.8  2653.9  7658.8 12804.2  83210.3    83230
read      239.8   188.3   101.3   165.2   178.1   224.2   241.2   251.0   258.4   268.3   281.3   308.1   632.0  2004.3  7926.3   5491.3     5484
read      301.5   247.5    80.4   133.8   149.0   267.4   326.1   358.0   380.7   407.7   445.7   523.1   971.8  3433.1  7767.4  55549.1    55611
read      282.9   221.2    93.8   153.1   171.7   264.3   295.2   312.6   325.0   341.2   364.4   409.1   810.2  2697.0  8454.9  20767.0    20774
read      458.0   754.2    74.4   142.7   160.7   268.7   341.0   400.6   455.5   546.0   746.0  1413.2  3586.6  8787.2 15102.7  96812.5    96726
read      295.2   198.0    80.4   146.6   163.3   277.3   318.4   340.6   356.9   375.1   401.4   454.1   827.7  2716.6  7015.3  32398.8    32442
read      368.9   550.8    74.4   134.8   150.0   265.2   333.5   374.8   405.7   446.1   508.0   728.4  2758.4  7653.6 11723.4  72998.2    73039
read      368.0   560.9    74.4   135.2   150.4   264.0   332.7   374.4   405.8   446.6   509.9   734.4  2708.9  7935.2 11373.9  74092.7    74055
read      314.2   343.3    74.4   136.8   151.8   271.4   328.2   359.3   381.2   406.9   444.0   520.6  1303.2  5696.9  9998.5  51181.0    51197
read      313.0   307.3    74.4   132.8   147.8   266.5   327.6   361.6   386.2   416.1   458.9   559.9  1347.6  4065.8  8069.1  59481.1    59442
read      290.3   169.1    80.4   141.7   158.2   274.2   318.4   342.3   359.6   379.4   406.3   458.8   747.4  2328.4  4315.3  35679.9    35654
read      369.8   618.3    74.4   132.3   147.8   260.6   328.1   370.5   402.1   442.2   503.8   705.7  2894.7  8357.7 14962.6  78758.9    78747
read      299.0   208.8    80.4   139.2   155.3   277.1   327.3   354.2   373.1   396.7   428.7   490.3   844.8  2733.6  6991.6  42243.9    42212
read      310.7   295.7    80.4   135.0   150.5   270.4   327.1   358.2   380.3   406.7   444.5   529.3  1301.4  4017.3  7875.7  52539.3    52488
read      301.2   273.2    86.8   144.6   161.4   277.9   322.5   346.2   364.4   386.0   415.4   470.2   803.9  3819.4  9683.7  36991.5    36950
read      274.4   142.6    86.8   160.5   180.6   262.5   290.7   306.8   317.9   333.3   353.2   391.5   625.2  1771.9  5081.9  16832.1    16762
read      390.4   660.0    74.4   132.6   148.5   263.6   334.1   381.1   417.7   464.3   547.1   811.2  3196.1  8642.2 15209.5  79549.8    79473
read      336.0   411.0    80.4   133.9   149.7   271.6   336.3   373.2   400.4   434.0   486.0   630.5  1729.3  5813.6 13822.6  61374.3    61431
read      416.7   683.1    74.4   137.6   154.1   269.0   343.2   398.6   443.4   506.0   630.0  1038.7  3205.4  8770.6 15794.0  87271.1    87172
read      644.3  1092.9    74.4   166.8   189.7   296.2   362.3   421.7   497.5   866.2  1564.7  2974.4  5642.2 11466.9 17468.4 108081.7   108181
read      457.4   814.0    80.4   137.8   155.0   268.3   338.3   390.8   436.0   508.4   699.8  1424.1  3678.5  9416.1 17577.8  80479.1    80515
read      298.6   229.0    80.4   142.6   159.3   275.7   321.3   346.1   364.6   386.2   415.5   470.5   860.2  3237.3  7770.9  37139.9    37149
read      265.0   111.9    93.8   163.7   184.2   255.1   280.3   294.4   305.7   318.1   337.8   372.1   553.7  1519.6  3433.1  13482.0    13444
read      366.3   493.1    74.4   134.0   149.7   267.6   337.2   380.3   413.0   455.1   524.5   768.4  2604.8  6813.9 11089.8  72042.5    72057
read      357.2   479.9    74.4   133.5   149.0   267.4   335.8   377.1   408.0   447.5   507.8   722.4  2356.7  6447.1 11410.3  70006.5    70041
read      455.4   768.3    80.4   141.6   159.4   274.7   349.1   406.1   456.6   535.0   700.8  1339.3  3637.6  9235.9 16268.1  90130.3    90162
read      349.0   420.2    80.4   139.6   155.9   283.0   346.3   383.2   410.4   447.0   505.9   666.8  1786.5  6553.9 10928.2  52044.1    52082
read      288.3   135.7    86.8   153.8   172.5   277.0   312.4   331.9   345.5   363.9   388.3   433.6   681.7  1735.6  3855.5  24208.7    24258
read      382.2   614.9    74.4   135.9   151.4   268.0   337.8   381.1   414.0   456.6   531.2   807.9  2850.2  8285.5 15322.8  72072.6    72013
read      318.6   278.3    74.4   136.0   151.0   272.1   335.1   370.2   395.7   427.2   471.0   594.8  1337.5  3506.6  7711.9  58017.7    58012
read      314.1   257.3    80.4   140.9   157.0   282.2   337.8   368.2   390.5   417.5   456.0   544.2  1039.8  3111.1  9170.3  45514.9    45398
read      319.8   282.8    80.4   140.9   156.8   281.5   339.8   371.5   394.6   423.0   462.5   557.5  1196.4  3884.4  8126.1  50165.5    50177
read      306.4   232.8    86.8   147.1   164.2   283.4   328.6   353.0   370.4   392.5   423.0   483.4   875.9  3477.8  7552.5  34473.1    34504
read      348.8   434.2    80.4   137.2   152.5   272.1   339.9   379.6   409.1   447.1   504.2   679.5  1973.0  6517.0 11017.8  66009.3    66010
read      368.0   588.0    74.4   134.0   149.5   265.6   335.2   377.8   409.7   451.1   514.7   738.3  2595.6  8079.9 16169.2  74070.0    73937
read      323.9   373.8    74.4   136.9   151.9   271.5   331.8   365.4   389.8   419.5   461.4   570.0  1494.9  5730.5 11105.3  55116.3    55020
read      341.6   420.5    80.4   139.5   155.3   280.3   342.2   377.0   402.4   434.9   483.7   612.0  1717.5  6900.1 10735.5  53293.1    53235
read      395.4   488.1    74.4   142.7   159.9   271.9   347.5   409.5   464.3   545.2   678.6   988.0  2513.8  6235.8 10514.6  97775.9    97743
read      251.3   164.4    93.8   176.9   191.0   240.1   258.7   269.4   276.5   287.4   299.5   325.7   447.8  1560.6  7978.2   5423.4     5419
read      269.9   109.3    86.8   165.9   187.5   262.9   288.0   301.9   312.6   324.6   342.5   373.8   505.9  1342.1  3834.4  14718.0    14764
read      253.0    92.8    93.8   176.2   191.8   245.5   265.7   276.2   285.8   295.5   311.4   337.9   444.3  1164.7  3718.1   7457.2     7451
read      302.2   185.2    80.4   140.6   156.4   278.6   334.4   364.4   385.8   410.8   445.3   510.1   842.4  2265.4  5171.5  48184.0    48208
read      269.3   204.3    86.8   161.3   181.2   260.9   287.0   301.2   312.1   324.2   342.1   372.8   520.1  1486.3  7871.4  16147.3    16149
read      252.0   115.4    74.4   130.4   144.0   236.5   287.7   313.7   331.4   350.8   373.8   408.6   503.1   969.7  3074.5  78764.9    78989
read      257.5    87.0    93.8   157.6   177.1   259.1   281.9   293.6   302.3   312.6   324.3   344.5   395.9   593.5  2703.8  18885.2    18886
read      251.6   111.6    80.4   130.6   144.2   236.8   288.1   313.6   330.9   349.5   371.9   404.1   493.9  1002.9  2972.1  75997.5    75954
read      261.5   106.1    80.4   140.0   154.8   261.7   301.2   319.3   332.2   345.5   363.7   389.5   445.4   631.6  3001.8  44489.7    44409
read      250.9    99.4    93.8   157.8   177.1   250.6   271.7   283.3   291.2   300.2   313.3   333.6   384.2   920.4  4161.0  16418.0    16431
read      248.0   111.1    74.4   128.4   141.6   231.5   282.0   308.3   326.0   345.7   370.3   405.2   508.9   962.2  2688.4  85653.8    85707
read      257.3   103.5    74.4   134.6   148.9   250.8   297.6   319.4   334.5   350.8   370.7   400.0   468.1   704.0  2825.4  58215.3    58253
read      254.6   132.2    74.4   129.9   143.7   233.5   282.3   308.3   326.4   347.0   374.2   423.5   645.8  1542.9  3202.8 103913.5   103867
read      260.8    95.2    80.4   155.5   175.0   261.5   286.4   299.0   309.1   319.1   334.8   358.2   419.7   657.7  2891.1  21583.8    21604
read      249.8   132.8    68.9   127.8   140.9   231.9   282.0   307.8   325.3   345.4   371.0   411.6   552.0  1199.0  4305.7  90333.4    90401
read      248.0   113.6    74.4   127.1   140.2   232.3   282.4   307.9   325.1   344.5   369.3   406.3   523.0  1007.4  3276.6  84377.7    84467
read      250.3   123.5    74.4   128.2   141.7   231.9   280.2   305.8   323.2   343.7   370.2   414.3   589.9  1268.5  3597.5  99724.9    99700
read      254.0    86.7    80.4   141.1   157.2   256.1   286.0   301.1   311.9   323.7   340.1   365.6   425.8   587.6  2687.4  32057.4    32052
read      251.6    78.8    86.8   154.3   174.1   251.9   274.0   286.5   294.5   305.4   318.0   340.9   397.1   616.9  2869.3  18151.6    18173
read      254.7   105.0    74.4   132.2   146.4   244.6   293.7   317.6   333.9   351.6   372.6   403.4   478.0   742.8  2371.9  67827.4    67789
read      261.6    98.7    80.4   139.0   153.9   259.1   301.5   321.2   335.2   350.2   369.1   397.1   460.4   656.2  2624.1  52026.5    51929
read      251.7   122.3    74.4   129.9   143.4   235.5   286.3   312.2   329.9   349.2   373.0   409.8   517.9   958.3  3852.6  83808.9    83850
read      256.1    78.0    93.8   157.1   176.6   257.4   279.9   291.8   300.0   310.9   322.3   344.2   399.8   697.5  2495.5  18640.3    18614

Total QPS = 53848.6 (64618372 / 1200.0s)

Total connections = 64
Misses = 0 (0.0%)
Skipped TXs = 0 (0.0%)

RX 15960737637 bytes :   12.7 MB/s
TX          0 bytes :    0.0 MB/s
Warning! Detected max cpu usage > 95%
CPU Usage Stats (avg/min/max): 99.84%,1.01%,100.00%
