Random waveform, supplied seed
Total number of intervals = 240 (6927, 52892, 98921, 61129, 40613, 53226, 38560, 103465, 104758, 94759, 37799, 8296, 69443, 12517, 43591, 20430, 93758, 10485, 16518, 83230, 5484, 55611, 20774, 96726, 32442, 73039, 74055, 51197, 59442, 35654, 78747, 42212, 52488, 36950, 16762, 79473, 61431, 87172, 108181, 80515, 37149, 13444, 72057, 70041, 90162, 52082, 24258, 72013, 58012, 45398, 50177, 34504, 66010, 73937, 55020, 53235, 97743, 5419, 14764, 7451, 48208, 16149, 78989, 18886, 75954, 44409, 16431, 85707, 58253, 103867, 21604, 90401, 84467, 99700, 32052, 18173, 67789, 51929, 83850, 18614, 29315, 108090, 27024, 49907, 9150, 34328, 51881, 14569, 81517, 78694, 93409, 39093, 18729, 70818, 21942, 91810, 39588, 40957, 62645, 15539, 107672, 32954, 58866, 23739, 54701, 60706, 72350, 58661, 34912, 103268, 38703, 83358, 57408, 86837, 33517, 66204, 73758, 99742, 109462, 94453, 44096, 100467, 8576, 59359, 7614, 60329, 43762, 67038, 26095, 71173, 109276, 13150, 61250, 84472, 82226, 27671, 98736, 106314, 105027, 96867, 89493, 50538, 22083, 48618, 94298, 63579, 64573, 77178, 29824, 64495, 20917, 85651, 61935, 50216, 72251, 71798, 19701, 24952, 81838, 26648, 24837, 29420, 103882, 70314, 61679, 49557, 19325, 9128, 94933, 24327, 71896, 93771, 20452, 42338, 72627, 80603, 49049, 92305, 56889, 78036, 71583, 72609, 107382, 86530, 16550, 84534, 72631, 49291, 62175, 80213, 16566, 53985, 101949, 24076, 52574, 106271, 105451, 86087, 29108, 101115, 74326, 75832, 94901, 15809, 28874, 51882, 32653, 41676, 63019, 99164, 47055, 62394, 98519, 32122, 49464, 24034, 77363, 91698, 38997, 86028, 83012, 15024, 56640, 97362, 107412, 65030, 79278, 47544, 105368, 58181, 56960, 14849, 63672, 48289, 11797, 10781, 49362, 102119, 46213, 97025)
Average QPS expected = 58167
Timestamp start: 1778623580540
Timestamp end: 1778624780877

#type       avg     std     min      p5     p10     p50     p67     p75     p80     p85     p90     p95     p99    p999   p9999      QPS   target
read      244.3   119.2   101.3   170.1   186.2   239.2   256.9   267.0   273.3   282.9   294.1   314.7   375.6  1176.5  7613.3   6977.4     6927
read      263.0   111.3    80.4   138.9   153.5   259.6   305.0   325.9   339.7   355.2   372.8   399.3   461.0   641.5  5567.4  52860.4    52892
read      246.6   110.3    74.4   129.4   142.8   228.7   278.1   304.8   322.6   343.4   368.9   405.1   511.7   935.4  2455.1  99137.2    98921
read      274.3   169.7    80.4   135.8   150.0   256.1   309.2   335.7   353.9   374.3   401.5   448.1   617.9  2003.0  6372.6  61178.0    61129
read      306.8   228.0    86.8   142.1   158.1   277.7   328.1   355.8   375.0   399.4   433.6   507.8  1078.2  3003.8  7048.8  40705.2    40613
read      308.2   361.2    80.4   137.5   152.2   268.4   325.6   357.1   379.0   404.0   438.0   502.9   978.3  5828.5 11191.2  53336.6    53226
read      287.5   186.4    80.4   140.4   155.7   271.0   316.0   340.0   357.3   376.7   402.9   453.7   727.5  2678.6  5924.4  38524.6    38560
read      436.3   728.4    74.4   140.8   158.1   260.5   328.8   387.4   439.9   522.8   694.0  1273.1  3458.5  8819.2 15242.0 103537.8   103465
read      444.8   710.6    74.4   142.3   160.3   263.9   333.2   395.5   455.8   557.4   767.3  1347.1  3356.2  8675.4 16074.3 104776.6   104758
read      389.0   616.3    74.4   136.7   152.2   256.1   327.1   381.4   423.8   477.8   576.1   870.2  2971.7  8086.7 11755.1  94882.2    94759
read      283.5   152.3    74.4   139.6   154.7   269.8   314.4   338.4   355.7   375.3   402.3   453.7   685.5  2030.4  3501.6  37845.2    37799
read      229.8   118.5    86.8   155.3   169.6   221.5   239.4   250.1   257.7   267.8   280.2   302.8   424.1  1292.6  6386.6   8311.4     8296
read      324.2   377.4    74.4   131.8   146.6   259.2   324.7   362.8   390.0   422.9   469.3   615.8  1634.2  5818.0  8565.3  69202.6    69443
read      251.0   122.4    93.8   158.0   176.4   241.8   263.7   275.0   285.1   295.3   311.5   338.2   490.5  1707.5  3975.9  12537.6    12517
read      289.7   210.4    86.8   138.6   153.6   269.3   318.0   344.1   362.8   384.2   411.7   461.6   751.8  2894.7  7486.4  43428.0    43591
read      269.2   137.8    93.8   151.9   169.7   261.2   290.6   307.2   318.6   334.0   353.5   389.4   553.6  1577.7  4056.4  20504.2    20430
read      381.2   572.8    80.4   135.3   151.0   255.3   323.4   374.3   414.2   463.5   548.0   852.7  3068.5  7525.5 10217.7  93665.0    93758
read      242.1   111.7    93.8   159.0   176.2   234.9   254.6   266.4   273.8   284.9   297.0   320.2   416.0  1341.2  2969.8  10414.4    10485
read      262.1   114.2    93.8   153.5   172.5   253.6   279.7   293.9   305.2   318.1   337.6   371.2   573.3  1505.3  2962.8  16539.8    16518
read      343.1   456.7    74.4   133.4   148.5   255.2   323.8   368.2   400.0   438.7   496.5   658.4  2321.1  6211.5 10075.7  83272.4    83230
read      230.5   128.0    93.8   159.4   172.0   220.0   235.7   246.3   253.1   263.4   274.9   300.8   493.8  1668.1  7044.3   5524.8     5484
read      300.1   273.1    80.4   136.1   150.7   266.2   324.2   356.0   378.1   403.4   438.6   506.8   918.2  3409.7  8752.0  55412.8    55611
read      271.9   151.4    86.8   151.0   168.7   261.2   291.2   307.9   319.2   334.9   355.2   392.6   628.6  2242.5  4870.7  20720.0    20774
read      381.6   605.9    80.4   135.5   151.3   253.7   320.7   371.9   412.6   463.9   548.5   800.7  3311.6  7629.1 11799.7  96594.6    96726
read      284.5   177.1    86.8   143.8   160.1   270.7   311.1   333.0   348.0   367.0   391.9   434.9   669.0  2491.4  6367.4  32391.6    32442
read      348.9   454.5    74.4   132.8   147.9   259.1   328.9   371.0   401.6   438.9   500.4   736.0  2272.9  6340.4 11372.0  73015.6    73039
read      334.5   404.3    74.4   130.5   145.1   255.8   323.8   364.9   394.5   430.3   485.0   670.1  2057.7  5258.6  9381.3  74149.8    74055
read      289.7   188.8    80.4   133.8   148.5   265.2   319.6   349.0   370.0   395.2   428.5   490.6   805.6  2764.4  4270.5  51115.8    51197
read      299.5   238.2    74.4   132.1   147.1   263.3   323.5   357.2   380.8   408.8   449.2   531.1  1006.3  3143.6  7267.0  59222.4    59442
read      276.0   144.5    86.8   140.4   155.9   265.8   308.4   330.6   345.7   364.9   389.5   429.7   594.9  1704.8  5999.4  35506.8    35654
read      333.5   429.9    80.4   131.2   145.6   251.5   319.0   361.2   391.4   428.0   481.3   643.4  2121.1  6128.4  9798.3  78723.4    78747
read      294.6   190.0    86.8   140.6   156.0   272.6   322.0   348.7   367.9   390.8   421.4   479.3   823.2  2716.1  4189.6  42202.0    42212
read      306.7   273.4    80.4   136.0   151.3   269.6   326.9   357.9   379.6   405.0   441.0   510.5  1159.8  4096.6  7688.4  52341.0    52488
read      284.2   145.9    86.8   141.8   157.7   272.3   317.1   340.9   358.1   377.5   403.2   451.4   644.5  1801.3  3989.6  37087.0    36950
read      263.2   103.9    93.8   155.7   175.3   256.0   282.9   297.0   308.6   320.4   339.7   370.7   525.6  1543.5  2557.8  16758.2    16762
read      322.3   361.2    74.4   131.7   146.5   254.2   322.1   363.7   392.9   427.7   476.5   607.3  1711.8  4578.5  9732.4  79371.0    79473
read      309.1   285.9    80.4   134.2   149.2   264.8   326.8   361.1   385.8   415.2   456.1   546.0  1244.0  3879.6  8105.5  61457.0    61431
read      361.6   570.0    74.4   134.3   149.8   257.2   326.7   372.9   407.3   450.6   513.1   692.7  2701.7  7890.3 13851.4  87025.6    87172
read      555.3   872.8    80.4   155.5   176.3   280.1   344.3   404.9   485.1   719.1  1279.3  2306.1  4004.2  8109.2 12332.1 108203.0   108181
read      349.6   526.4    80.4   132.9   148.3   255.8   323.2   366.8   398.5   436.3   493.6   654.7  2494.5  7657.4 13487.3  80726.0    80515
read      286.4   168.3    80.4   141.0   156.6   271.9   315.8   338.9   355.2   373.4   399.4   445.1   725.9  2424.2  3759.9  37158.4    37149
read      253.7   150.8    93.8   157.8   176.4   245.3   268.4   281.2   290.8   302.1   317.4   345.6   483.0  1434.1  7330.0  13478.0    13444
read      329.5   370.2    80.4   131.8   146.5   258.2   325.1   364.7   393.0   426.9   475.3   632.9  1877.2  4701.7  7936.3  71884.2    72057
read      316.5   341.7    80.4   132.7   147.5   260.8   325.9   363.2   389.5   420.7   463.1   563.2  1472.9  4995.8  8105.9  70055.8    70041
read      392.0   597.9    74.4   136.4   152.5   263.3   336.8   388.3   427.9   480.0   582.1   929.1  2864.5  7983.7 14421.0  90158.8    90162
read      290.9   209.3    74.4   135.1   150.2   266.3   321.3   350.8   371.3   395.3   426.6   483.0   804.2  2651.7  8181.2  51933.2    52082
read      283.8   203.2    80.4   148.7   165.8   266.2   300.2   318.3   332.8   349.0   372.8   423.5   803.7  2715.2  8067.5  24376.4    24258
read      332.7   375.2    80.4   131.2   145.6   255.6   323.5   363.9   393.0   428.5   484.8   684.2  1973.3  4901.6  8016.4  71937.4    72013
read      341.4   474.8    74.4   132.8   148.2   269.7   333.0   368.8   395.8   429.9   483.3   631.3  1864.6  7750.5 13027.7  58151.2    58012
read      295.1   233.5    80.4   137.0   152.1   270.5   321.0   348.1   367.5   390.2   420.2   472.1   840.8  3209.2  7546.7  45375.8    45398
read      296.3   250.2    80.4   136.5   151.4   268.2   321.9   351.0   371.8   396.5   429.7   494.2   888.9  2967.5  9946.2  50118.8    50177
read      284.4   147.2    86.8   144.4   160.5   274.3   316.1   338.2   354.0   372.3   397.9   440.9   617.4  1959.9  4180.0  34675.8    34504
read      319.7   304.5    80.4   132.7   148.1   266.4   331.5   368.5   395.1   427.5   473.5   599.8  1468.6  3978.6  7879.8  65875.0    66010
read      331.6   402.4    80.4   132.2   147.3   256.7   323.0   362.1   390.5   424.6   471.3   611.8  2070.6  4952.4  9411.6  73825.6    73937
read      301.7   239.2    80.4   133.6   149.2   268.0   325.8   357.8   379.9   405.7   442.8   516.6  1034.2  3435.2  7513.6  54892.6    55020
read      307.7   313.6    80.4   136.2   151.6   269.9   326.6   357.5   379.1   403.9   438.1   505.8  1179.5  4823.0 10544.2  53217.0    53235
read      391.5   617.5    74.4   135.6   151.8   257.0   326.1   378.8   421.4   476.8   584.8   957.6  2901.1  7871.7 12356.7  97715.4    97743
read      233.9   115.9   101.3   161.5   175.5   224.7   241.9   251.5   258.7   267.8   278.7   299.0   470.2  1573.0  3057.5   5459.4     5419
read      267.9   141.8    93.8   157.8   177.8   256.0   281.6   295.7   307.2   319.4   339.4   372.6   649.5  1830.5  5089.5  14625.0    14764
read      255.4   126.8    93.8   169.6   186.2   242.8   263.1   273.6   282.8   293.0   308.2   335.1   688.6  1771.1  4162.2   7443.8     7451
read      316.8   282.0    80.4   140.4   156.2   277.4   333.1   364.1   386.7   414.0   453.7   539.5  1320.9  3725.2  8137.1  48165.6    48208
read      266.6   106.6    93.8   159.5   178.8   259.8   285.7   299.7   311.0   322.9   342.0   373.1   502.2  1484.7  2695.7  16201.6    16149
read      340.9   418.7    80.4   131.7   147.0   261.1   331.2   373.7   404.3   443.8   504.9   711.0  1877.9  5606.0 12525.5  79134.8    78989
read      274.5   124.7    93.8   160.3   178.9   267.2   294.9   310.3   320.3   335.2   353.1   385.7   565.2  1611.9  3969.3  18750.4    18886
read      341.4   409.0    80.4   131.9   147.1   258.9   327.7   369.3   399.2   435.9   495.6   695.4  2081.5  5512.6  9160.5  75884.4    75954
read      288.7   192.8    86.8   138.5   153.1   269.1   319.1   345.2   364.0   385.8   414.6   466.1   755.8  2630.2  7102.3  44664.6    44409
read      265.2   123.4    93.8   155.0   174.1   254.9   281.5   295.7   307.2   319.4   339.2   372.5   631.0  1715.7  3468.2  16348.0    16431
read      352.8   505.3    80.4   131.1   146.2   252.1   319.9   364.5   397.0   436.5   498.2   705.4  2666.5  7192.7  9976.0  85508.4    85707
read      318.7   313.8    74.4   134.5   149.5   267.9   328.7   362.8   387.4   417.7   461.6   575.3  1541.6  4728.9  7759.1  58214.2    58253
read      441.4   692.7    74.4   141.5   159.2   262.5   330.0   392.6   451.5   543.9   733.9  1354.3  3430.4  8044.6 12114.1 103787.2   103867
read      279.5   188.2    93.8   151.3   169.3   266.5   297.3   314.6   327.1   342.4   364.6   404.5   659.4  2715.1  7681.8  21653.4    21604
read      428.1   748.4    80.4   138.6   155.1   263.4   332.3   383.6   424.8   480.2   598.2  1118.4  3815.6  9227.9 15273.6  90231.2    90401
read      381.3   566.5    80.4   134.8   151.0   261.7   332.9   381.0   418.2   465.8   550.3   852.0  2834.2  7437.8 11527.3  84622.2    84467
read      434.4   674.7    80.4   142.0   159.4   265.9   336.9   397.2   453.2   540.2   713.8  1201.2  3409.5  7903.3 12616.4  99904.0    99700
read      295.1   189.5    80.4   147.7   164.4   279.9   321.4   344.3   361.3   380.6   405.7   456.5   719.8  2655.0  7799.6  32020.4    32052
read      270.9   171.2    93.8   156.5   174.9   261.5   289.0   304.1   315.0   328.6   345.6   377.9   531.6  2392.8  7893.5  18148.0    18173
read      339.6   422.9    80.4   134.0   149.4   266.0   333.3   371.8   399.7   433.8   486.4   645.9  1971.5  5893.1 12921.0  67830.4    67789
read      313.3   270.9    86.8   139.5   154.9   275.7   333.5   365.3   388.2   415.5   454.0   536.3  1196.1  3476.2  7940.3  51856.0    51929
read      398.4   673.0    74.4   136.3   152.1   260.7   329.9   377.6   414.9   462.4   546.1   888.0  3571.8  8134.4 14034.6  83549.0    83850
read      267.1   101.4    93.8   155.7   174.2   261.3   289.2   304.5   315.5   329.4   346.2   377.5   497.3  1484.9  2663.3  18598.0    18614
read      292.5   207.6    80.4   147.2   163.7   273.8   311.8   332.5   346.9   366.4   392.3   439.0   867.1  2911.1  7595.8  29232.4    29315
read      535.6   895.6    74.4   153.9   174.1   273.3   329.7   380.5   449.7   663.9  1241.1  2005.3  3939.1  9892.2 15806.3 108036.0   108090
read      286.7   172.1    80.4   146.3   163.2   273.9   310.4   329.7   343.3   361.0   384.1   429.0   724.6  2575.6  7081.1  27046.6    27024
read      309.8   265.5    80.4   136.9   152.1   272.4   329.0   359.5   380.6   405.0   439.6   521.8  1321.3  3364.2  7729.9  49866.4    49907
read      243.8   105.3   101.3   160.7   177.2   236.6   257.4   268.8   276.3   287.4   299.7   324.7   435.8  1392.9  3163.2   9152.0     9150
read      287.4   150.2    86.8   143.9   159.8   275.3   317.6   339.9   355.9   373.7   400.1   451.7   703.6  1895.6  3642.2  34235.2    34328
read      307.8   259.3    80.4   135.5   151.1   270.1   328.2   359.9   381.9   407.1   444.4   528.6  1197.8  3488.8  7734.1  51717.2    51881
read      256.8   125.7    93.8   154.6   174.5   249.9   273.6   287.7   296.8   310.1   325.9   356.3   467.0  1583.1  4659.8  14538.2    14569
read      375.4   640.0    74.4   132.1   147.6   256.0   320.7   364.4   397.2   437.3   502.8   729.6  3193.5  8806.4 14216.7  81530.4    81517
read      351.8   569.1    80.4   132.9   148.3   257.1   323.3   365.4   396.6   435.0   493.8   668.0  2438.3  7995.9 19000.6  78879.0    78694
read      406.5   687.4    74.4   136.1   152.3   260.3   326.9   376.8   419.2   473.2   582.7   956.1  3474.8  8451.1 11830.7  93219.4    93409
read      299.1   239.3    86.8   143.0   158.7   277.4   324.2   348.7   365.7   385.5   410.7   461.8   854.1  3481.7  7943.1  38958.2    39093
read      269.0   119.7    93.8   153.1   172.1   263.2   290.9   306.0   316.3   329.9   346.3   378.9   533.3  1554.6  3148.7  18697.6    18729
read      345.6   439.1    74.4   133.8   149.2   260.1   325.6   365.1   393.9   428.9   482.7   676.4  2353.6  5801.9  8871.8  70669.0    70818
read      273.2   118.5    86.8   150.5   168.3   268.3   299.0   315.5   327.4   341.5   361.4   396.0   533.9  1636.7  3241.3  21929.4    21942
read      406.7   704.7    74.4   138.4   154.7   262.8   328.3   377.2   418.0   471.2   576.6   963.1  3340.4  9703.7 15092.6  91851.2    91810
read      288.8   193.9    86.8   142.8   158.4   272.6   315.7   338.7   355.3   373.9   400.7   450.7   748.5  2718.3  7297.9  39666.0    39588
read      296.8   153.9    80.4   145.0   160.7   279.7   328.9   355.8   374.2   397.2   427.9   483.7   765.5  1872.8  3111.6  41066.2    40957
read      338.0   347.6    80.4   136.1   151.5   272.9   339.3   377.1   404.2   438.6   492.0   656.7  1826.9  4176.1  7919.0  62712.8    62645
read      275.2   302.9    93.8   161.3   180.5   260.6   286.8   301.3   312.6   325.7   344.1   379.3   600.3  2205.0 18221.8  15376.0    15539
read      589.5   950.4    80.4   161.6   182.5   291.3   352.3   405.1   481.2   826.9  1436.1  2493.3  4202.0  9486.5 15727.2 107583.6   107672
read      301.5   250.1    86.8   147.7   163.3   275.4   318.8   342.4   360.1   380.5   408.1   466.9  1029.3  3178.9  8093.5  32847.2    32954
read      315.3   246.8    80.4   138.0   153.2   273.3   336.0   370.9   395.9   426.1   467.9   580.2  1194.7  2986.7  7455.6  58888.2    58866
read      281.1   141.4    86.8   153.1   171.1   273.5   306.5   324.2   337.7   353.2   373.2   412.1   595.2  1710.4  3267.0  23730.4    23739
read      317.6   283.4    80.4   137.8   152.9   274.3   335.2   368.8   393.2   422.7   463.3   562.4  1276.3  3724.3  7910.6  54603.2    54701
read      315.7   297.9    80.4   135.7   150.7   269.8   332.5   367.9   393.4   423.9   465.5   563.3  1274.4  4099.6  8123.7  60564.8    60706
read      373.0   587.4    74.4   136.5   152.0   265.5   333.5   376.1   406.8   445.9   504.1   701.0  2954.0  7885.3 12325.5  72466.6    72350
read      318.1   248.8    80.4   137.9   152.9   274.5   338.5   373.9   399.7   431.1   476.0   592.5  1244.8  3162.2  6450.0  58834.8    58661
read      289.8   170.9    86.8   144.5   160.5   274.2   317.8   341.1   358.1   377.3   403.1   455.1   741.3  2164.5  5677.2  35022.6    34912
read      495.1   770.0    74.4   149.4   168.2   276.2   342.8   401.5   466.2   603.3   924.8  1718.6  3530.0  8145.5 13453.8 103338.2   103268
read      296.7   171.9    86.8   145.3   161.7   278.9   326.4   351.5   369.4   391.1   420.2   472.0   764.9  2574.1  4128.5  38603.0    38703
read      372.9   592.6    74.4   136.2   151.9   264.6   336.1   384.0   419.9   463.4   532.9   725.7  2761.8  8352.0 14808.4  83337.0    83358
read      323.6   381.4    80.4   138.3   153.3   270.9   331.5   365.7   390.3   419.3   459.2   550.3  1432.0  6342.4 10672.7  57534.6    57408
read      405.2   649.2    80.4   138.1   154.3   265.4   339.0   392.5   434.3   490.7   605.0  1020.4  2963.3  8869.9 14171.6  86809.2    86837
read      290.7   148.9    86.8   146.5   163.2   278.7   321.1   344.0   360.9   379.8   403.8   453.5   678.5  1905.6  3952.5  33478.4    33517
read      338.5   423.4    80.4   137.0   152.0   268.0   333.4   371.1   398.6   432.2   481.2   625.5  1962.1  5044.0 13489.8  66004.0    66204
read      359.4   472.7    80.4   135.9   151.0   264.1   333.9   377.0   409.1   449.5   513.0   747.8  2493.1  5911.0 11463.2  73824.0    73758
read      460.7   760.0    80.4   144.9   163.1   269.4   336.9   397.5   458.2   558.1   752.6  1400.5  3725.1  8412.3 14680.6  99911.6    99742
read      621.8   974.0    74.4   171.2   194.1   300.5   361.5   413.4   482.4  1027.7  1526.0  2854.8  3931.4  9582.0 16328.2 109595.8   109462
read      522.0   835.5    74.4   152.1   171.8   275.9   345.4   421.2   521.4   728.9  1109.1  1724.6  3893.7  8897.5 15550.5  94636.8    94453
read      301.3   185.5    86.8   143.0   158.7   277.9   330.3   359.0   379.2   402.7   435.9   503.6   887.3  2148.9  7026.9  44247.4    44096
read      455.6   747.1    80.4   145.2   163.8   274.5   347.5   411.1   469.7   568.0   757.5  1332.0  3429.4  9184.6 18411.8 100415.0   100467
read      252.0   137.2   101.3   166.8   184.0   241.0   261.7   272.6   281.8   292.5   308.0   335.4   503.9  1726.6  7213.6   8624.2     8576
read      319.1   344.7    80.4   138.2   153.1   272.9   335.3   369.7   395.0   425.2   466.3   565.4  1258.6  4350.4 13629.9  59266.8    59359
read      247.6   168.8   101.3   166.6   181.8   235.7   254.7   266.1   273.3   284.3   296.8   324.1   509.2  1938.5  7588.7   7651.8     7614
read      326.9   365.4    80.4   137.4   152.5   270.7   334.4   370.8   397.0   428.5   472.8   598.7  1483.1  5565.7 11107.1  60242.4    60329
read      301.2   197.9    80.4   142.1   158.0   276.6   328.7   356.9   376.6   400.2   432.1   493.6   918.9  2647.8  4900.4  43610.8    43762
read      344.4   446.5    80.4   136.0   150.6   265.4   332.9   373.0   401.8   437.3   491.7   659.5  2039.7  6279.1 10908.9  67223.0    67038
read      278.6   142.1    86.8   147.8   164.7   267.9   303.0   321.3   336.1   352.7   374.3   417.9   653.2  1830.7  4067.5  26137.2    26095
read      348.3   473.2    80.4   135.4   150.6   265.4   334.4   375.6   405.0   441.9   496.9   663.5  2107.3  7548.9 11004.7  71177.6    71173
read      593.2   965.5    74.4   162.7   183.8   289.7   349.7   402.3   472.6   788.2  1418.4  2645.0  4491.0  9470.6 15317.0 109414.4   109276
read      279.5   277.6    86.8   162.1   181.8   256.9   282.9   297.1   309.5   322.7   343.1   383.4   791.5  3820.2  9221.0  13100.4    13150
read      333.0   358.0    80.4   135.0   151.0   274.1   339.1   375.8   402.6   435.9   487.8   636.7  1580.8  4886.8 10335.1  61197.4    61250
read      379.5   583.3    74.4   134.3   150.5   262.4   332.3   380.8   417.4   462.5   537.2   776.5  2981.1  7630.3 12349.3  84265.8    84472
read      388.1   616.3    74.4   133.3   149.7   260.6   331.1   380.3   418.4   465.5   545.9   805.7  3364.1  7811.4  9964.0  82068.2    82226
read      287.1   164.7    86.8   149.9   167.6   276.8   313.2   333.3   347.0   365.1   388.4   429.5   652.6  2082.7  7359.0  27810.8    27671
read      449.2   644.9    74.4   142.1   161.2   279.1   359.2   429.4   496.8   606.3   791.5  1328.5  3174.0  7892.0 12263.2  98741.4    98736
read      579.8   916.9    80.4   157.2   178.8   289.5   352.4   407.2   487.0   854.5  1465.4  2329.0  4042.5 10110.9 15358.1 106113.4   106314
read      601.2  1023.4    74.4   158.3   179.8   292.3   357.0   411.8   482.5   749.7  1394.6  2589.2  5443.2  9912.5 17811.6 105084.0   105027
read      543.6   992.4    74.4   149.4   168.9   272.3   334.0   385.3   441.1   577.1  1000.2  2161.5  5445.2 10885.0 15388.2  96938.0    96867
read      484.0   832.4    74.4   142.3   160.9   272.0   344.2   405.1   464.3   569.6   801.8  1550.0  4284.3  9126.6 16910.9  89511.0    89493
read      298.5   186.6    80.4   138.0   153.7   273.4   329.4   360.3   382.1   407.3   442.5   505.9   820.9  2577.0  4677.6  50567.8    50538
read      283.5   150.6    80.4   151.7   171.1   270.8   304.2   321.7   336.3   352.8   374.8   419.6   712.6  2018.2  4285.5  22118.8    22083
read      307.8   265.2    80.4   139.3   155.4   276.0   331.0   360.9   382.1   407.0   442.8   515.4  1017.5  3170.8  9780.3  48671.2    48618
read      421.6   673.6    74.4   137.6   154.9   266.8   340.3   398.2   445.6   513.5   648.8  1086.5  3275.8  8769.3 11372.9  94411.2    94298
read      352.1   390.5    74.4   134.9   151.0   272.4   342.1   383.5   415.0   456.6   530.7   759.4  1941.4  5190.3  8107.0  63548.0    63579
read      344.4   375.1    80.4   133.4   149.4   268.9   336.1   376.1   405.2   443.4   503.5   738.4  1948.0  4477.9  8955.4  64713.6    64573
read      368.0   607.8    74.4   132.3   147.9   258.9   326.7   370.4   402.4   443.0   503.8   696.9  2847.9  8098.8 14752.9  77118.6    77178
read      295.6   264.4    80.4   145.4   162.0   271.9   311.6   333.3   348.5   368.0   394.6   443.2   844.8  4156.6  8059.2  29695.6    29824
read      338.3   351.7    80.4   135.1   150.4   268.3   335.9   374.9   403.8   439.7   497.1   690.7  1832.8  4384.5  7944.6  64593.0    64495
read      277.2   124.3    93.8   154.9   173.5   269.6   300.3   317.1   329.9   344.1   364.8   399.1   583.4  1638.2  4154.5  20981.6    20917
read      368.6   529.5    80.4   136.9   152.6   263.6   336.0   384.9   421.6   466.8   541.7   748.7  2577.8  7865.5 11388.8  85635.0    85651
read      336.0   380.0    80.4   136.9   152.4   271.7   336.3   373.1   400.1   433.2   482.6   630.3  1762.3  5670.5  8709.0  62242.6    61935
read      317.8   322.0    86.8   140.4   155.7   275.3   331.8   363.0   385.4   411.9   450.2   536.0  1377.1  4028.4 10749.6  50205.4    50216
read      365.8   480.3    80.4   135.5   151.0   266.1   334.6   377.4   409.3   449.8   516.0   774.4  2700.9  5964.2  8959.7  72290.0    72251
read      348.1   429.0    80.4   136.3   151.5   266.2   335.0   376.2   406.4   444.6   502.9   682.3  2122.2  5968.3  8504.6  71795.6    71798
read      274.1   113.2    93.8   154.2   173.5   266.3   296.2   312.9   324.4   340.0   361.1   397.5   593.6  1382.9  3553.6  19747.8    19701
read      288.9   148.5    86.8   153.7   171.0   276.3   310.9   329.9   343.3   361.1   384.4   429.2   744.9  2133.7  3665.6  24958.0    24952
read      388.6   638.4    80.4   134.9   150.8   259.8   329.3   376.3   412.1   457.9   535.2   825.4  3269.1  8108.9 11899.3  81889.8    81838
read      286.5   145.8    86.8   152.0   169.2   276.6   312.9   332.5   345.9   363.9   387.0   429.2   663.7  1774.1  5813.5  26762.8    26648
read      291.8   178.0    93.8   152.0   169.9   275.8   312.2   332.6   346.7   366.3   392.6   440.3   746.5  2488.5  6744.9  24902.0    24837
read      306.5   272.6    86.8   150.7   167.4   279.3   318.9   340.8   357.2   376.0   404.2   475.4  1005.9  3644.8  8945.8  29365.8    29420
read      537.4   841.8    74.4   153.7   174.4   280.4   345.4   416.9   534.6   793.4  1281.1  1846.5  3687.0  8933.3 18629.8 103916.4   103882
read      362.9   566.7    74.4   133.9   149.4   263.0   327.8   367.4   396.1   431.8   488.1   735.7  2581.8  7974.9 13736.3  70297.4    70314
read      335.0   395.6    80.4   132.9   148.6   267.7   330.8   367.4   394.3   427.6   478.3   654.5  1796.1  5351.8 11166.5  61684.6    61679
read      302.0   235.5    80.4   136.9   152.3   270.2   325.8   355.5   376.2   400.8   433.5   501.7  1109.7  2974.3  7422.6  49699.8    49557
read      268.6   137.9    86.8   149.1   167.2   258.4   288.0   304.2   315.8   331.0   350.7   390.3   623.2  1763.9  4702.7  19318.4    19325
read      240.4   102.1    93.8   157.9   175.0   232.8   252.9   264.7   272.5   283.3   296.0   320.7   443.2  1319.6  3205.9   9098.0     9128
read      436.9   791.6    74.4   139.7   157.2   269.1   338.4   392.2   437.1   502.4   639.3  1129.0  3667.8 11890.9 16170.9  94630.8    94933
read      283.7   158.7    93.8   150.4   167.5   270.9   303.8   320.9   334.9   350.2   372.5   420.5   762.6  1966.0  5320.9  24258.8    24327
read      373.5   623.6    80.4   134.4   150.3   264.9   330.9   372.6   403.4   444.1   507.8   725.2  2856.4  8747.9 15182.3  71911.8    71896
read      361.3   466.9    74.4   135.9   151.9   261.2   329.4   378.8   418.8   469.1   559.1   792.5  2311.0  6344.9  9638.2  93904.8    93771
read      272.6   110.7    86.8   152.8   171.5   268.3   297.2   313.8   325.4   340.3   360.6   394.4   511.9  1191.8  3727.5  20437.8    20452
read      295.2   164.1    80.4   142.6   158.7   278.3   327.6   353.5   371.3   393.5   422.7   475.8   781.8  1952.3  4561.5  42133.4    42338
read      316.8   292.7    80.4   133.7   149.1   263.0   327.6   366.6   394.8   429.3   477.8   600.8  1437.8  3444.1  7938.9  72560.4    72627
read      326.4   339.3    74.4   135.6   150.8   262.0   329.2   370.8   401.1   438.1   492.2   629.6  1662.9  4262.5  7873.4  80553.6    80603
read      301.1   194.1    80.4   139.0   154.7   274.8   329.9   359.7   380.3   403.7   436.4   504.5   953.2  2582.3  4843.1  49010.6    49049
read      347.8   425.7    80.4   135.3   150.9   259.3   325.3   370.6   405.8   450.5   516.5   709.9  2331.2  5979.2  8035.1  92395.0    92305
read      304.5   235.5    74.4   135.0   150.5   267.4   327.3   360.2   383.2   410.0   447.5   528.6  1142.1  2918.5  7415.5  57027.4    56889
read      317.2   292.2    74.4   133.5   148.8   258.4   324.1   364.8   394.1   430.0   481.6   616.2  1529.4  3605.3  7632.8  77904.2    78036
read      318.9   331.8    80.4   133.3   149.0   263.1   328.0   366.8   394.8   428.6   475.4   590.7  1466.2  4549.6  9196.0  71613.4    71583
read      324.5   338.3    80.4   136.4   151.7   264.8   330.1   369.6   398.1   432.1   480.4   604.4  1612.9  4335.1  8267.9  72440.2    72609
read      427.9   652.6    74.4   145.3   163.6   270.5   338.9   400.5   464.8   577.8   780.9  1234.2  2842.0  7579.0 11472.6 107573.4   107382
read      353.6   497.9    74.4   138.5   154.1   266.0   339.6   391.6   431.8   483.9   570.3   752.9  1881.9  4874.4  8812.7  86723.0    86530
read      262.4   101.6    93.8   156.4   175.2   257.7   284.3   298.3   309.9   321.8   340.2   369.9   471.5  1029.3  4118.4  16564.8    16550
read      346.3   429.4    74.4   136.6   151.8   261.0   331.9   380.1   416.3   460.8   529.2   699.5  1902.1  6146.3 10508.8  84387.4    84534
read      326.5   384.1    74.4   135.8   151.0   264.6   331.8   372.0   400.7   434.2   481.3   590.4  1495.3  5894.2  9637.5  72587.8    72631
read      297.1   158.3    80.4   142.5   158.3   276.7   331.5   361.0   381.7   405.2   436.6   497.4   777.1  1831.5  3527.2  49217.6    49291
read      309.5   213.8    80.4   138.1   153.3   272.4   335.8   371.2   396.8   427.0   467.2   558.5  1066.5  2658.2  4966.6  62259.6    62175
read      333.1   336.1    80.4   137.7   152.9   266.1   337.6   382.8   416.2   457.1   514.8   657.6  1597.5  4362.2  9471.2  80508.4    80213
read      265.4   150.7    93.8   159.0   178.1   258.8   282.7   295.1   305.5   317.0   334.3   363.8   496.6  1854.3  7379.3  16562.4    16566
read      257.9    92.9    80.4   138.3   152.2   254.1   300.1   320.5   334.3   348.5   367.0   393.4   448.4   616.8  2422.1  54049.6    53985
read      247.9   129.0    74.4   129.2   142.5   227.8   276.8   303.5   321.6   342.8   368.8   406.6   541.7  1411.3  3685.4 101881.2   101949
read      257.4    67.7    93.8   152.8   169.2   262.2   286.9   298.7   307.9   317.1   330.8   349.6   399.7   579.1  1257.3  24207.6    24076
read      260.0    97.7    80.4   138.3   152.6   257.5   301.8   321.9   335.6   350.2   368.4   395.6   456.1   623.4  3581.7  52697.4    52574
read      252.1   123.1    74.4   131.4   145.1   231.0   279.9   306.5   324.8   345.7   372.1   414.8   611.1  1432.8  3044.5 106223.4   106271
read      248.4   117.5    74.4   129.7   143.2   228.7   277.3   303.9   322.2   343.3   369.6   408.8   570.9  1160.9  3286.9 105645.0   105451
read      249.8   107.5    80.4   130.3   143.9   233.2   284.6   311.2   329.4   349.3   373.3   408.3   498.2   842.5  3110.9  86181.6    86087
read      260.8    82.4    86.8   149.6   165.5   265.3   293.1   307.0   316.1   327.3   341.2   363.9   412.5   623.3  2866.7  29137.4    29108
read      255.4   150.5    80.4   132.3   146.2   234.0   283.4   310.1   328.7   349.9   376.0   418.4   589.3  1596.0  5150.9 101039.4   101115
read      252.8   106.6    80.4   131.0   144.8   238.9   291.0   316.8   333.9   352.7   374.5   406.4   488.0   831.7  3005.2  74230.2    74326
read      250.7   113.2    80.4   130.7   144.4   236.8   289.0   315.1   332.4   350.9   372.2   403.0   470.4   719.7  2446.4  75768.8    75832
read      247.9   108.2    74.4   129.2   142.5   229.8   280.0   306.9   325.3   346.2   371.9   410.4   523.8   928.6  2674.3  94971.2    94901
read      250.8    85.7    86.8   159.0   177.1   252.1   272.2   283.2   290.5   298.1   311.3   329.5   374.5  1101.2  3854.6  15754.8    15809
read      259.6    75.7    86.8   148.4   164.5   264.0   292.3   306.4   315.6   326.8   341.0   364.0   416.7   551.7  2107.2  28815.6    28874
read      258.0    97.1    80.4   137.4   151.5   255.3   299.6   319.4   333.1   347.2   365.9   392.6   449.7   628.6  3770.7  51971.8    51882
read      258.8    82.0    80.4   144.6   160.5   263.0   294.2   309.2   318.8   331.4   345.0   369.1   421.0   540.1  1460.3  32663.8    32653
read      258.8    85.0    80.4   141.5   156.4   261.2   298.7   315.4   326.9   339.5   355.4   377.1   429.9   615.7  2252.4  41605.6    41676
read      256.8   114.0    80.4   133.5   147.9   247.0   296.8   319.9   335.8   353.0   372.9   402.3   470.4   845.2  3219.1  63178.0    63019
read      249.2   113.0    74.4   130.7   144.2   230.3   280.3   307.3   325.7   346.5   372.2   411.9   542.3   882.6  3241.8  99027.0    99164
read      260.5   100.2    80.4   139.6   154.2   260.5   301.9   320.4   333.2   346.2   364.3   390.0   441.5   590.4  3268.0  47169.0    47055
read      256.9   102.7    74.4   134.1   148.8   248.6   298.0   320.8   336.2   352.9   372.2   401.1   466.6   738.4  3047.2  62269.8    62394
read      249.4   109.6    74.4   130.0   143.4   230.0   279.9   307.1   325.8   346.8   373.1   414.8   556.7  1020.8  2671.9  98486.4    98519
read      259.5    74.7    86.8   148.7   163.4   265.1   295.4   309.6   318.6   330.2   342.8   364.0   403.8   547.6  1543.7  32109.4    32122
read      262.6   109.8    80.4   139.0   153.6   260.0   303.5   323.2   336.8   351.5   369.3   396.3   460.3   845.6  3998.7  49384.0    49464
read      260.0    83.5    93.8   153.5   170.3   264.8   290.2   302.8   311.7   320.5   335.1   354.3   397.5   505.5  2758.2  24125.8    24034
read      250.5    98.8    74.4   130.3   144.1   235.8   287.9   313.7   331.2   350.3   373.1   405.7   487.8   789.6  1891.3  77213.0    77363
read      245.9   110.5    74.4   128.4   141.3   227.7   278.0   305.4   323.7   344.3   369.4   404.2   504.3  1012.3  2581.4  91719.4    91698
read      262.8    83.0    80.4   144.3   160.0   265.6   302.1   318.6   330.3   342.5   359.0   381.6   432.3   576.8  1897.2  38956.8    38997
read      249.6   104.6    80.4   130.1   143.7   233.4   284.3   310.8   328.7   348.2   372.4   406.8   499.7   855.9  2656.0  86093.6    86028
read      249.4   113.7    74.4   129.1   142.7   233.6   285.3   311.7   329.4   348.3   371.8   404.5   489.3   832.3  3186.4  82790.8    83012
read      245.6    73.0    93.8   156.1   174.4   246.7   266.8   276.7   284.9   293.1   305.0   321.2   369.2   963.3  2351.9  15084.6    15024
read      256.9    99.3    80.4   134.9   149.4   252.0   298.3   319.3   333.6   348.5   367.6   395.6   462.2   738.8  2731.8  56509.8    56640
read      246.8   111.5    80.4   129.0   142.2   228.7   278.1   304.9   323.0   343.7   369.2   405.9   523.8  1058.9  2434.3  97366.8    97362
read      252.5   119.0    74.4   130.9   144.8   231.8   280.8   307.6   326.2   347.0   373.9   419.2   622.8  1203.5  2551.8 107248.6   107412
read      253.6    96.9    74.4   132.8   146.8   244.4   294.5   317.6   333.0   349.2   369.5   398.3   465.2   750.6  2629.2  65023.4    65030
read      249.6   117.8    74.4   129.4   143.0   234.8   285.8   311.8   329.2   348.0   371.0   403.1   485.4   784.5  3995.5  79572.6    79278
read      257.2    90.0    80.4   138.4   152.5   256.9   298.4   317.0   329.6   342.8   360.4   385.3   436.3   629.2  2206.2  47344.0    47544
read      252.3   141.4    74.4   130.2   143.9   230.7   279.4   305.9   324.1   345.1   371.6   414.0   597.7  1829.2  3986.0 105358.0   105368
read      256.7    94.1    80.4   135.3   149.6   250.8   299.2   320.9   335.4   350.9   369.6   397.1   456.7   641.9  2000.5  58330.6    58181
read      256.2    90.0    80.4   135.0   149.4   251.1   297.7   319.4   334.0   349.4   368.7   396.6   460.1   661.1  1167.4  56871.8    56960
read      245.4    75.8    93.8   157.1   175.3   246.0   265.8   275.2   283.7   292.3   304.1   320.8   372.9   867.5  3037.7  14874.6    14849
read      255.2   102.5    80.4   132.8   147.1   246.9   295.9   319.1   334.7   351.4   371.2   400.6   467.3   679.6  3889.1  63733.2    63672
read      261.3   105.6    80.4   138.8   153.3   260.2   302.3   321.3   334.7   348.5   366.7   393.1   448.3   619.6  3952.1  48342.2    48289
read      245.7   146.4    93.8   159.6   177.8   241.4   260.7   270.7   277.9   287.7   297.5   318.1   374.6  1480.7  7701.5  11806.8    11797
read      242.0   117.5    93.8   160.3   178.0   239.5   258.4   268.1   274.2   283.9   294.5   314.3   368.1  1146.9  7279.1  10763.8    10781
read      257.1    92.8    80.4   137.4   151.3   256.2   298.1   317.1   330.0   343.5   361.6   387.6   446.9   650.4  2644.2  49368.0    49362
read      250.0   136.9    80.4   129.1   142.5   228.7   278.0   304.7   322.9   343.9   370.2   410.7   586.3  1581.6  4309.4 102099.4   102119
read      257.6    82.0    80.4   138.0   152.2   258.3   298.7   317.2   330.0   343.5   361.6   387.4   438.6   571.6  1457.1  46328.8    46213
read      245.6   114.2    74.4   128.2   141.3   227.4   276.9   303.9   321.9   342.8   368.0   403.9   519.0   931.5  4160.0  96942.6    97025

Total QPS = 58163.3 (69795904 / 1200.0s)

Total connections = 64
Misses = 0 (0.0%)
Skipped TXs = 0 (0.0%)

RX 17239588535 bytes :   13.7 MB/s
TX          0 bytes :    0.0 MB/s
Warning! Detected max cpu usage > 95%
CPU Usage Stats (avg/min/max): 99.85%,7.14%,100.00%
