#type       avg     std     min      p5     p10     p50     p67     p75     p80     p85     p90     p95     p99    p999   p9999      QPS   target       ts_start         ts_end
read      223.8   101.8    80.4   129.8   142.8   211.4   244.2   263.8   277.4   293.9   315.0   346.5   431.6   816.6  4000.0  29949.4    30000  1777759029757  1777759039929
read      228.6   103.0    86.8   137.8   149.6   215.2   248.4   267.3   280.7   296.2   317.1   349.7   436.6   970.2  4168.8  29924.8    30005  1777759041443  1777759051568
read      236.8   118.9    86.8   140.4   153.2   221.8   256.0   275.0   290.1   307.3   329.4   365.9   465.0  1377.4  4233.5  30017.5    30010  1777759053083  1777759063193
read      261.9   251.0    93.8   143.6   156.1   226.4   263.7   286.1   303.0   323.1   352.2   405.9   907.9  3655.9  6720.9  29959.0    30015  1777759064709  1777759074818
read      261.0   245.0    86.8   142.1   154.4   227.7   266.2   289.1   306.3   326.9   356.3   409.3   724.4  3684.3  6401.7  29935.0    30020  1777759076334  1777759086438
read      247.3   126.3    93.8   143.2   156.0   230.0   266.6   287.9   303.5   321.5   347.2   390.7   516.9  1833.9  4467.4  30007.7    30025  1777759087953  1777759098059
read      245.5   157.0    93.8   140.9   153.0   223.7   259.6   281.1   297.1   317.1   344.1   390.5   548.4  2355.8  6000.5  30061.2    30030  1777759099573  1777759109676
read      244.8   155.8    86.8   140.4   152.4   222.1   258.3   279.9   296.3   317.0   344.3   392.9   563.8  2366.6  5450.1  30005.4    30035  1777759111192  1777759121299
read      235.5   136.5    93.8   138.7   150.0   216.1   250.9   271.3   287.2   306.1   331.0   371.4   497.9  2114.6  4851.6  30032.7    30040  1777759122819  1777759132921
read      245.8   168.3    93.8   141.1   152.9   222.6   257.9   278.8   294.9   315.0   341.7   388.3   585.2  2625.5  5975.1  30117.9    30045  1777759134435  1777759144539
read      251.0   238.2    93.8   142.1   153.9   223.9   260.2   281.6   297.4   317.6   345.0   394.2   622.3  3168.6  9056.6  30076.3    30050  1777759146054  1777759156174
read      228.9   134.4    93.8   137.1   147.4   208.4   242.0   262.2   276.7   295.2   319.9   362.7   505.1  1923.1  4966.3  29998.3    30055  1777759157697  1777759167806
read      267.0   206.5    93.8   147.2   161.5   241.6   278.8   301.3   318.2   340.5   370.2   427.6   671.3  3300.1  7534.6  30045.6    30060  1777759169320  1777759179433
read      256.0   250.8    86.8   142.2   154.7   227.6   264.1   285.8   302.1   321.5   350.0   401.5   692.4  4197.4  9417.7  30077.5    30065  1777759180953  1777759191155
read      262.0   359.0    93.8   142.7   154.8   222.0   257.3   278.5   295.1   316.0   345.8   411.5   836.7  5265.6 13388.7  30134.8    30070  1777759192682  1777759202844
read      256.7   349.2    86.8   141.6   153.6   221.1   256.2   276.8   293.0   312.7   340.2   392.3   711.4  6124.5 12469.5  29997.8    30075  1777759204367  1777759214561
read      251.5   333.1    93.8   143.2   155.1   221.1   254.3   273.8   289.3   308.0   333.3   376.7   638.3  6009.3 13231.3  30030.7    30080  1777759216087  1777759226273
read      238.9   195.7    86.8   139.7   150.9   214.2   249.0   269.5   285.4   304.8   330.9   377.0   586.8  2522.7  8084.4  30089.4    30085  1777759227795  1777759237975
read      258.4   252.0    86.8   146.6   159.6   232.2   268.1   289.0   304.9   323.8   350.5   398.3   651.4  4369.6  9413.9  30131.9    30090  1777759239496  1777759249627
read      257.1   206.1    86.8   145.9   159.0   233.8   270.3   292.0   308.5   328.3   356.6   404.5   614.4  2373.9  7961.4  30128.4    30095  1777759251144  1777759261320
read      243.5   146.9    93.8   142.9   155.1   224.0   258.9   279.5   295.4   315.1   341.6   387.0   544.2  1637.9  6290.9  30046.7    30100  1777759262838  1777759272963
read      233.1   193.3    86.8   139.6   150.6   212.8   247.5   267.9   283.0   301.4   325.7   367.1   491.5  1492.4  7962.9  30215.9    30105  1777759274486  1777759284622
read      239.5   127.7    86.8   145.4   157.4   222.7   256.0   275.2   290.9   309.2   333.3   371.5   482.5  1472.9  4687.8  30093.2    30110  1777759286136  1777759296247
read      254.8   146.5    93.8   148.1   161.0   235.5   272.9   295.1   311.7   332.0   359.6   403.9   557.0  1484.2  5972.9  30151.9    30115  1777759297767  1777759307881
read      241.0   115.5    93.8   142.4   154.8   223.8   259.2   280.0   295.8   315.0   340.7   384.2   502.6  1189.2  4109.4  30188.4    30120  1777759309397  1777759319504
read      249.2   121.2    80.4   141.7   155.5   233.4   270.1   291.1   307.0   325.7   351.2   395.0   531.1  1282.0  4427.3  30233.1    30125  1777759321020  1777759331127
read      257.8   197.6    80.4   141.4   154.3   227.1   265.7   288.9   306.9   329.7   363.9   432.6   729.1  2732.1  6334.5  30112.1    30130  1777759332643  1777759342749
read      250.5   238.4    86.8   139.3   150.3   215.8   252.9   274.4   291.4   312.0   340.0   392.6   764.2  3679.8  6310.3  30162.8    30135  1777759344269  1777759354374
read      250.4   173.4    93.8   142.5   154.9   227.9   265.9   288.1   304.9   324.8   352.9   399.1   555.5  2523.1  6549.0  30241.3    30140  1777759355891  1777759365995
read      294.5   294.6    93.8   144.6   158.0   236.7   280.8   308.7   331.0   361.6   410.7   554.2  1635.6  4139.5  5972.9  30184.6    30145  1777759367511  1777759377616
read      338.3   396.9    93.8   144.8   158.2   245.0   298.5   334.1   364.8   411.3   510.1   752.0  2363.4  4429.2  6671.6  30149.7    30150  1777759379130  1777759389238
read      356.2   401.5    93.8   147.9   162.6   260.3   315.6   353.7   387.4   438.6   547.3   814.0  2509.0  4370.6  5400.6  30104.6    30155  1777759390756  1777759400882
read      276.6   290.9    86.8   138.3   150.3   226.5   269.7   295.8   316.6   343.7   388.1   498.6  1154.1  4488.8  7848.9  30185.6    30160  1777759402398  1777759412500
read      257.6   151.4    93.8   142.4   156.0   238.1   277.5   300.1   317.2   338.8   367.7   415.7   561.5  2104.6  6023.6  30285.5    30165  1777759414015  1777759424116
read      250.6   140.1    93.8   141.3   154.0   231.7   270.6   292.3   308.6   328.4   355.8   399.9   537.9  1944.7  4588.4  30111.4    30170  1777759425629  1777759435741
read      268.1   159.0    86.8   147.4   162.0   246.1   286.1   309.5   327.1   348.7   379.9   434.4   619.1  2358.0  5125.9  30134.4    30175  1777759437255  1777759447363
read      256.5   160.3    86.8   144.1   157.1   233.0   271.9   294.8   312.9   335.2   365.5   418.7   584.1  2369.8  5907.2  30189.1    30180  1777759448878  1777759458989
read      251.7   141.6    93.8   141.4   154.2   230.2   269.3   292.4   310.1   331.9   361.8   411.0   557.6  1992.9  5362.0  30212.7    30185  1777759460504  1777759470611
read      249.5   190.1    86.8   141.3   153.4   224.1   261.2   283.3   299.6   319.8   347.4   395.0   566.8  3116.5  6418.1  30239.8    30190  1777759472125  1777759482228
read      247.1   110.9    86.8   146.8   159.9   230.4   266.9   288.4   304.5   323.6   349.7   392.7   494.7  1063.6  3748.6  30230.4    30195  1777759483743  1777759493845
read      246.6   112.8    93.8   145.9   158.3   229.1   266.3   288.2   304.6   324.1   350.7   393.1   495.6  1383.7  3531.0  30279.4    30200  1777759495359  1777759505465
read      244.9   107.8    86.8   145.6   158.4   227.9   263.3   284.4   300.0   319.4   345.8   390.4   504.5  1093.0  3976.1  30166.6    30205  1777759506979  1777759517081
read      256.5   117.7    93.8   145.4   159.4   238.3   277.7   301.0   318.3   340.4   369.4   417.0   542.2  1244.5  4194.0  30238.6    30210  1777759518596  1777759528707
read      245.5   107.1    93.8   146.3   159.1   229.1   265.5   287.0   302.8   321.4   347.3   388.8   490.5  1054.5  3514.0  30333.8    30215  1777759530222  1777759540336
read      249.9   128.3    93.8   144.1   157.0   230.8   268.6   290.8   307.7   328.2   356.2   401.2   539.1  1593.2  4785.5  30233.9    30220  1777759541851  1777759552006
read      257.7   200.5    93.8   144.3   157.6   232.8   270.2   292.5   309.7   330.7   359.8   410.8   647.7  2747.6  8197.1  30199.5    30225  1777759553527  1777759563773
read      260.5   258.1    93.8   146.5   159.8   232.7   269.6   291.3   307.9   328.3   356.8   404.7   671.8  3314.2  9973.1  30265.6    30230  1777759565299  1777759575565
read      249.4   257.6    86.8   144.3   156.4   225.0   260.7   281.8   297.1   316.6   342.7   387.4   569.3  2795.8 10903.2  30243.8    30235  1777759577098  1777759587333
read      245.8   113.2    93.8   144.4   157.8   230.1   265.7   286.7   302.3   320.9   346.3   387.7   490.9  1271.3  4282.6  30284.1    30240  1777759588850  1777759598966
read      232.9   102.9    86.8   138.2   150.4   219.4   253.1   272.2   286.6   303.5   325.8   364.4   462.6   973.8  3258.4  30189.0    30245  1777759600479  1777759610585
read      269.4   263.3    93.8   144.2   157.7   234.3   273.0   295.9   313.9   337.0   369.4   433.4   750.0  4780.7  6926.0  30226.2    30250  1777759612098  1777759622209
read      252.1   209.2    93.8   141.2   153.3   224.3   261.4   283.3   299.4   319.6   348.2   399.0   637.6  2751.7  7752.4  30227.5    30255  1777759623732  1777759633845
read      246.4   168.4    86.8   140.9   153.0   223.6   260.5   282.2   297.9   318.2   346.0   395.0   566.7  2252.1  6210.5  30235.4    30260  1777759635361  1777759645480
read      259.9   186.3    93.8   144.6   158.1   236.0   274.5   297.0   314.2   335.3   363.8   413.6   594.1  2899.9  6211.2  30323.4    30265  1777759646997  1777759657107
read      247.2   147.4    93.8   143.2   155.8   226.7   262.7   284.1   299.7   318.8   346.1   392.1   535.8  2136.5  5279.2  30170.6    30270  1777759658621  1777759668729
read      256.1   137.7    86.8   145.1   158.9   236.9   275.1   297.0   314.2   335.5   363.6   410.1   549.9  1846.7  5095.3  30266.4    30275  1777759670243  1777759680346
read      256.9   170.9    93.8   144.2   157.5   235.6   274.8   297.6   314.8   336.3   365.0   414.6   567.8  1987.1  5041.2  30315.5    30280  1777759681862  1777759691964
read      237.3   151.1    93.8   139.7   151.0   215.8   249.7   270.4   286.3   305.5   331.9   373.9   523.5  2251.9  5091.4  30289.2    30285  1777759693478  1777759703585
read      254.5   166.4    93.8   142.6   155.4   232.0   271.2   294.0   311.6   333.1   362.0   408.4   557.8  2362.6  6360.5  30256.0    30290  1777759705098  1777759715200
read      257.0   149.4    93.8   143.7   156.9   235.6   274.6   297.6   315.3   337.5   367.0   418.1   567.6  2151.2  5998.1  30347.2    30295  1777759716713  1777759726820
read      237.1   126.2    93.8   140.6   152.1   218.6   253.0   273.8   289.7   308.7   334.0   373.6   494.8  1860.5  4290.7  30291.6    30300  1777759728334  1777759738440
read      263.9   167.8    93.8   144.9   158.7   240.0   280.4   303.9   321.2   343.8   373.4   428.7   610.4  2709.7  5352.9  30272.3    30305  1777759739954  1777759750064
read      251.4   116.7    86.8   145.5   158.6   233.9   272.5   294.7   311.6   332.1   359.3   401.0   512.1  1236.6  4091.9  30378.3    30310  1777759751579  1777759761688
read      258.9   117.1    86.8   147.7   161.8   242.0   281.2   303.8   320.3   342.3   370.3   419.1   533.7  1139.0  3885.2  30179.6    30315  1777759763202  1777759773309
read      244.3   116.1    86.8   144.6   157.1   227.8   263.8   285.0   300.4   319.1   345.2   386.7   494.1  1327.6  4213.5  30257.0    30320  1777759774823  1777759784931
read      254.2   123.4    93.8   145.5   159.3   237.5   276.1   298.4   315.2   336.1   363.4   404.9   509.6  1213.6  4298.9  30250.0    30325  1777759786446  1777759796547
read      240.9   105.3    93.8   141.6   153.9   224.2   260.7   282.0   297.4   317.6   343.9   387.3   491.1  1058.8  3932.5  30229.0    30330  1777759798061  1777759808167
read      243.5   103.5    93.8   143.1   156.1   227.8   263.8   284.8   300.0   319.2   345.2   387.6   500.0   957.0  3678.4  30296.0    30335  1777759809680  1777759819784
read      240.9   114.8    86.8   142.7   155.0   224.1   258.5   279.1   294.7   314.2   340.7   383.7   495.8  1369.1  3809.1  30316.6    30340  1777759821299  1777759831405
read      257.9   112.8    93.8   147.0   161.2   241.6   280.5   303.3   320.0   341.8   369.4   415.3   526.6  1083.5  3605.8  30290.7    30345  1777759832921  1777759843027
read      240.5   127.3    86.8   139.7   151.8   224.2   260.9   282.3   297.8   317.2   343.6   385.2   486.0  1146.3  4387.3  30339.6    30350  1777759844541  1777759854650
read      253.2   119.8    86.8   146.6   159.7   234.5   272.7   295.0   312.3   333.3   361.1   404.7   536.2  1462.1  4059.3  30327.3    30355  1777759856165  1777759866275
read      259.2   112.1    93.8   148.0   161.9   243.5   282.5   304.9   320.9   342.3   369.0   413.9   534.1   996.2  3873.5  30284.2    30360  1777759867792  1777759877897
read      239.1   119.4    86.8   141.0   152.9   221.7   257.5   278.7   294.6   314.3   340.8   383.6   488.3  1200.2  4429.1  30367.2    30365  1777759879410  1777759889515
