Random waveform, supplied seed
Total number of intervals = 80 (6927, 52892, 98921, 61129, 40613, 53226, 38560, 103465, 104758, 94759, 37799, 8296, 69443, 12517, 43591, 20430, 93758, 10485, 16518, 83230, 5484, 55611, 20774, 96726, 32442, 73039, 74055, 51197, 59442, 35654, 78747, 42212, 52488, 36950, 16762, 79473, 61431, 87172, 108181, 80515, 37149, 13444, 72057, 70041, 90162, 52082, 24258, 72013, 58012, 45398, 50177, 34504, 66010, 73937, 55020, 53235, 97743, 5419, 14764, 7451, 48208, 16149, 78989, 18886, 75954, 44409, 16431, 85707, 58253, 103867, 21604, 90401, 84467, 99700, 32052, 18173, 67789, 51929, 83850, 18614)
Average QPS expected = 53849
Timestamp start: 1778359515396
Timestamp end: 1778360715700

#type       avg     std     min      p5     p10     p50     p67     p75     p80     p85     p90     p95     p99    p999   p9999      QPS   target
read      432.7   842.0    86.8   151.5   164.1   224.7   258.6   284.2   306.0   343.7   630.3  1815.1  4046.4  8093.7 10104.0   6878.0     6927
read      951.1  2988.3    80.4   155.3   186.1   395.6   490.4   563.2   636.6   736.3   867.5  1472.9 18432.9 31707.4 42820.7  52853.6    52892
read      648.3   836.9    80.4   274.8   315.7   493.6   601.4   688.5   751.5   824.3   915.3  1085.7  3706.3 11966.7 20398.8  99022.3    98921
read      392.8   594.8    80.4   133.6   150.2   283.4   352.0   390.5   421.0   466.3   568.5   913.1  2818.9  7965.8 13157.2  61146.6    61129
read      325.5   429.2    74.4   133.5   149.1   272.9   325.5   352.7   372.4   397.6   434.2   530.1  1790.4  6907.3 10275.6  40653.5    40613
read      336.6   452.9    80.4   131.2   146.6   270.8   333.4   365.7   389.5   420.1   468.9   606.0  1919.9  7186.0 11531.6  53260.1    53226
read      313.0   356.3    80.4   134.2   149.9   272.1   323.6   350.3   370.2   395.5   432.2   523.0  1296.9  5831.5 10050.5  38531.5    38560
read      617.1   897.4    80.4   242.7   293.7   474.7   582.4   669.3   731.8   799.3   882.1  1023.1  3548.3 11806.1 32513.2 103477.3   103465
read      662.3   895.3    86.8   296.2   330.0   508.9   621.8   701.4   760.6   831.9   925.6  1079.7  3756.6 12090.9 23659.6 104828.9   104758
read      620.3   874.6    86.8   238.8   290.2   479.1   579.0   653.7   715.1   785.5   871.3  1021.4  3693.1 11984.2 26798.0  94869.4    94759
read      331.6   494.2    80.4   136.2   152.0   274.8   326.8   355.1   375.5   402.3   445.4   561.0  1602.8  8237.9 13631.0  37796.3    37799
read      254.3   200.5    93.8   154.0   166.4   225.6   253.6   272.9   287.3   304.3   328.8   385.0   844.2  2543.1  7312.3   8275.1     8296
read      445.0   691.6    80.4   134.6   152.7   300.4   373.4   417.1   455.7   520.4   671.3  1235.8  3447.9  8374.9 14106.6  69365.6    69443
read      256.8   159.5    86.8   151.4   165.9   235.0   267.7   286.8   300.3   317.3   341.7   391.0   693.6  1940.5  7228.8  12502.8    12517
read      325.2   401.7    80.4   133.1   148.9   275.0   330.4   359.0   379.8   404.7   447.1   549.6  1620.1  6398.4 10010.1  43519.3    43591
read      280.0   202.6    86.8   145.6   163.0   256.1   295.0   315.2   330.9   350.0   378.6   435.8   873.3  2645.3  7720.3  20412.7    20430
read      577.9   754.2    80.4   180.6   223.8   432.3   532.6   609.3   677.5   762.7   879.4  1156.3  3570.2  9908.4 17600.5  93796.7    93758
read      248.9   149.5    86.8   154.0   167.5   229.7   258.2   276.6   290.4   306.9   329.4   372.8   633.6  1812.9  7286.1  10458.9    10485
read      266.2   172.9    86.8   148.1   163.6   244.7   280.5   299.6   314.1   332.1   358.2   409.3   759.5  2190.6  6990.3  16520.0    16518
read      483.9   720.7    74.4   142.1   164.5   332.8   411.5   465.6   518.4   604.4   738.6  1188.8  3593.3  8279.0 16625.8  83315.2    83230
read      237.3   174.4    93.8   151.5   161.8   210.9   234.4   250.5   264.2   282.1   306.6   354.8   794.2  2029.2  7514.6   5514.7     5484
read      385.5   576.1    80.4   133.7   150.0   282.4   347.8   384.7   413.4   456.8   544.8   812.3  2942.2  7890.4 12439.7  55590.9    55611
read      272.7   145.5    86.8   145.8   162.6   254.2   291.6   311.7   326.5   345.3   373.3   432.7   748.1  1796.2  4612.1  20778.9    20774
read      574.6   640.2    80.4   190.8   236.5   442.9   542.6   623.0   690.3   773.9   880.7  1128.8  3404.3  8088.4 12857.1  96795.3    96726
read      301.5   286.8    80.4   138.1   154.0   272.1   318.1   342.5   361.5   384.8   419.1   496.3   989.4  5219.3  8010.6  32498.7    32442
read      448.9   642.7    80.4   136.9   155.7   306.1   379.6   424.3   464.6   537.8   691.0  1358.0  3406.3  7852.7 13761.4  73080.9    73039
read      454.7   619.6    80.4   137.8   157.0   310.2   385.8   432.9   477.9   558.1   719.1  1393.3  3389.4  7713.3 11245.4  74076.9    74055
read      342.6   417.5    80.4   134.5   150.4   277.7   339.3   371.4   395.3   426.9   480.5   640.9  1933.9  6578.9 10071.5  51280.9    51197
read      368.7   526.9    80.4   133.2   149.4   279.9   347.3   384.5   412.7   453.9   535.9   778.6  2206.9  7954.6 12898.4  59410.8    59442
read      307.2   308.6    86.8   138.0   153.5   273.9   323.0   348.0   367.2   390.7   424.7   499.1  1183.0  4809.3  8872.9  35691.6    35654
read      490.9   684.8    74.4   141.6   163.5   329.3   408.6   464.8   522.5   616.7   769.7  1482.0  3607.0  7911.5 10791.5  78735.1    78747
read      326.3   420.6    80.4   136.1   151.5   274.8   329.0   357.3   377.7   402.8   443.0   545.6  1631.8  7130.7 10970.1  42175.1    42212
read      348.5   462.9    80.4   133.9   150.2   277.9   341.1   374.6   399.8   433.4   495.2   659.8  1970.8  6944.2 14264.1  52521.4    52488
read      307.8   287.3    74.4   139.0   154.6   276.2   326.3   352.7   371.9   396.4   431.8   506.6  1142.3  4046.4  9068.9  36968.7    36950
read      265.7   126.2    80.4   150.1   166.0   248.7   284.7   304.3   318.6   337.6   364.3   414.4   645.4  1619.6  3133.5  16748.4    16762
read      492.2   707.0    80.4   142.4   164.5   331.8   412.2   467.8   522.3   604.3   737.8  1357.5  3621.1  8065.6 11689.0  79354.9    79473
read      383.8   519.1    80.4   133.7   150.1   282.1   352.3   390.3   420.0   463.2   556.7   842.5  2900.9  7195.6 10060.9  61441.4    61431
read      603.8   764.7    80.4   169.7   207.7   415.9   519.1   607.7   684.0   774.7   914.1  1681.7  3761.4  8015.2 13150.1  87074.0    87172
read      681.6   694.3    86.8   314.4   350.4   534.0   653.8   739.8   804.5   883.7   989.8  1184.2  3617.9  9253.0 14866.3 108063.7   108181
read      565.4   712.2    80.4   182.7   223.2   412.7   504.0   576.4   638.3   716.5   818.3  1115.4  3705.7  8105.1 13378.6  80403.4    80515
read      295.5   255.8    80.4   136.9   152.4   273.9   324.1   349.2   368.0   390.7   422.3   482.6   771.4  3585.6 10072.1  37111.2    37149
read      253.8   133.7    86.8   150.2   165.3   237.3   269.5   288.3   301.8   318.1   341.7   384.3   578.0  1639.2  4261.0  13457.3    13444
read      301.7   251.7    74.4   128.8   144.3   259.3   325.0   358.4   381.4   408.5   449.1   540.4  1211.5  3350.6  7571.6  72014.0    72057
read      293.5   230.9    74.4   128.3   143.5   256.6   321.4   354.2   376.6   402.8   439.5   516.5   936.8  3428.0  6404.6  70041.9    70041
read      314.2   250.4    74.4   133.7   151.3   272.5   336.5   371.6   397.3   429.4   476.8   582.6  1034.8  3500.4  7360.0  90064.5    90162
read      295.8   201.8    80.4   130.4   145.5   266.8   328.3   358.5   379.9   405.1   444.8   532.3   918.2  2646.6  5816.3  52084.6    52082
read      279.2   159.5    80.4   141.1   157.5   262.2   304.2   325.2   341.1   361.5   389.6   441.5   753.0  2063.4  4305.3  24275.3    24258
read      305.2   262.6    74.4   128.5   144.0   259.6   324.8   358.6   382.2   409.9   451.7   548.1  1432.3  3273.2  7732.2  72043.9    72013
read      317.3   304.4    80.4   130.1   145.7   268.6   333.0   365.8   389.8   420.4   468.7   602.7  1366.3  4018.2  7967.8  57929.2    58012
read      298.4   234.7    74.4   131.7   147.2   270.3   327.0   355.2   375.1   400.1   435.6   516.5   934.6  3197.4  7708.4  45342.0    45398
read      307.9   296.0    74.4   131.7   147.1   269.6   329.8   360.0   381.7   407.3   448.7   548.2  1140.8  4014.3  8433.2  50173.1    50177
read      293.8   225.2    80.4   136.4   152.0   271.6   319.5   343.4   361.4   382.8   412.9   474.0   906.4  3225.1  7493.9  34496.5    34504
read      302.8   250.9    74.4   128.5   143.8   259.0   324.5   357.5   380.5   407.3   448.6   545.9  1302.6  3172.2  7473.8  66093.3    66010
read      298.0   255.0    74.4   128.4   143.6   255.6   320.5   353.6   376.6   403.5   442.0   527.0  1117.2  3487.3  7543.7  73980.0    73937
read      308.8   281.6    80.4   130.5   145.7   266.7   330.4   362.3   385.1   413.1   456.8   567.8  1218.0  3465.7  8130.2  55003.8    55020
read      315.6   321.4    80.4   130.5   145.9   269.1   331.5   363.0   385.8   413.8   458.4   575.2  1362.1  4827.9  8712.9  53170.8    53235
read      364.9   285.6    74.4   145.2   167.1   315.2   387.8   431.2   466.0   512.9   584.9   736.6  1124.9  3610.0  8453.8  97779.7    97743
read      232.8   146.2    93.8   152.8   163.5   213.8   237.6   252.7   266.0   282.5   304.7   342.9   571.0  1788.8  6952.8   5430.9     5419
read      261.9   128.9    80.4   152.7   168.8   245.2   279.3   297.6   311.6   327.8   349.6   393.3   637.4  1712.9  3833.3  14706.5    14764
read      235.2   154.6    93.8   151.6   163.1   216.1   241.0   256.2   270.2   287.0   309.5   348.2   559.8  1891.6  7515.1   7409.3     7451
read      303.3   249.9    80.4   131.6   147.0   271.1   331.0   360.5   381.7   406.5   445.9   533.8  1021.5  3342.1  7642.7  48155.1    48208
read      260.7   145.9    86.8   146.6   162.8   242.4   276.8   296.5   311.1   328.1   351.7   398.3   665.2  1915.3  4689.0  16130.8    16149
read      311.9   288.7    74.4   129.9   146.4   264.2   329.5   363.9   388.6   418.9   463.7   572.1  1259.0  3704.8  7855.7  78986.8    78989
read      268.6   158.9    80.4   144.5   161.8   250.5   288.6   308.8   322.7   341.6   367.8   415.5   668.4  1997.1  6346.1  18935.2    18886
read      298.7   228.8    74.4   129.4   145.4   260.3   324.4   358.2   381.9   409.7   450.1   537.2  1017.3  3288.2  6962.3  75841.2    75954
read      294.0   207.3    74.4   132.2   147.5   268.7   325.2   352.5   371.7   396.2   430.4   504.0   877.7  2771.1  5906.7  44333.2    44409
read      261.8   151.4    80.4   147.5   163.5   243.9   279.1   298.4   312.8   330.1   354.2   400.6   632.1  1953.1  5660.1  16425.6    16431
read      329.6   324.7    74.4   133.0   150.6   274.4   339.5   374.7   400.8   434.2   488.4   615.8  1638.8  3897.3  7976.3  85656.1    85707
read      314.3   294.3    74.4   129.6   144.7   265.4   330.6   363.6   387.4   417.5   465.1   591.4  1381.4  3720.9  7874.8  58138.2    58253
read      430.8   308.8    74.4   159.6   188.3   373.9   460.4   514.5   560.7   625.2   723.4   875.2  1282.9  3739.7  7857.0 103831.9   103867
read      268.4   120.0    80.4   145.3   162.3   259.2   297.6   316.9   331.1   346.4   370.0   407.6   546.9  1301.2  3799.8  21605.0    21604
read      283.7   150.6    74.4   131.6   148.6   259.1   318.4   350.1   372.1   397.7   431.6   493.4   717.6  1709.2  3185.6  90372.1    90401
read      281.6   146.5    74.4   130.4   146.6   256.1   318.2   350.1   372.2   397.5   430.8   492.4   714.7  1589.7  3150.9  84452.5    84467
read      302.4   152.6    74.4   138.7   157.4   278.2   338.0   370.6   394.4   423.5   463.6   540.2   756.5  1570.1  3199.0  99697.2    99700
read      269.3   101.9    74.4   136.1   151.7   266.6   310.4   331.0   344.9   363.0   385.6   423.0   514.4   742.5  2463.8  32034.8    32052
read      254.0    82.8    80.4   145.6   162.5   247.2   282.5   300.4   313.1   328.0   346.7   381.3   462.1   664.1  1955.7  18200.4    18173
read      271.1   125.0    74.4   127.7   142.6   250.1   314.7   345.0   365.3   388.2   417.0   465.0   618.9  1027.3  2498.9  67752.3    67789
read      268.0   116.0    74.4   127.9   142.4   255.7   315.1   340.7   358.4   377.8   402.1   443.6   559.0   930.6  2846.0  51924.9    51929
read      279.8   149.0    74.4   130.3   146.5   254.4   315.9   347.1   369.4   394.6   427.2   483.8   701.0  1660.0  3737.4  83754.7    83850
read      256.2   110.6    80.4   145.9   162.6   249.0   284.1   302.5   315.3   330.9   350.2   384.5   464.8   666.8  3928.0  18603.3    18614

Total QPS = 53839.1 (64606932 / 1200.0s)

Total connections = 64
Misses = 0 (0.0%)
Skipped TXs = 0 (0.0%)

RX 15957912204 bytes :   12.7 MB/s
TX          0 bytes :    0.0 MB/s
Warning! Detected max cpu usage > 95%
CPU Usage Stats (avg/min/max): 99.84%,2.02%,100.00%
