#type       avg     std     min      p5     p10     p50     p67     p75     p80     p85     p90     p95     p99    p999   p9999      QPS   target       ts_start         ts_end
read      275.8   124.4   101.3   161.2   175.9   256.7   297.6   321.9   340.9   363.5   393.4   441.5   566.2  1299.9  4166.5  29921.1    30000  1778794549910  1778794560080
read      270.5   103.2    93.8   159.6   173.9   252.7   293.8   318.0   337.0   359.6   388.5   433.1   536.4   859.8  3039.0  30035.1    30005  1778794561595  1778794571715
read      274.3   110.3   101.3   159.8   174.7   255.7   297.6   322.7   342.0   365.5   395.7   442.0   544.4   965.3  3303.7  30063.8    30010  1778794573228  1778794583329
read      279.8   120.7    93.8   164.2   179.7   261.7   302.5   326.5   344.2   366.9   396.5   443.9   559.4  1217.5  4082.2  29836.7    30015  1778794584842  1778794594941
read      271.9   109.4   101.3   161.7   176.6   255.1   294.5   317.5   335.4   356.9   385.2   429.9   531.6   959.5  3355.0  30099.4    30020  1778794596456  1778794606556
read      272.9   123.0    93.8   159.8   175.0   255.2   295.3   319.6   338.5   360.8   389.6   434.2   532.6  1134.5  4116.1  30042.9    30025  1778794608070  1778794618171
read      275.4   118.9   101.3   162.0   176.5   255.9   297.2   322.3   341.5   364.7   394.7   442.1   550.9  1059.7  4118.3  29996.4    30030  1778794619687  1778794629786
read      369.9   472.0   101.3   165.8   182.1   277.0   328.2   361.4   389.4   429.4   499.7   696.6  3196.4  6045.5  8781.9  30064.8    30035  1778794631301  1778794641401
read      312.1   329.8   101.3   158.4   171.1   246.2   290.3   319.0   343.0   376.0   433.5   594.0  1636.6  4125.3  7209.8  30093.9    30040  1778794642915  1778794653029
read      292.8   260.9   101.3   155.9   168.6   243.4   285.5   311.6   332.1   358.6   398.2   497.2  1267.9  3561.8  6302.0  29942.0    30045  1778794654546  1778794664646
read      291.9   270.0   101.3   155.5   167.9   240.8   281.4   307.4   327.5   354.1   394.5   498.3  1350.5  3579.7  6293.9  30010.8    30050  1778794666160  1778794676260
read      322.3   314.4   101.3   158.6   171.5   251.4   299.0   332.5   360.4   400.5   478.6   694.0  1609.0  3717.6  6407.8  30015.3    30055  1778794677777  1778794687878
read      312.3   280.7   101.3   158.5   170.9   247.4   293.8   326.0   354.1   395.7   471.4   657.2  1347.8  3675.6  6308.2  30054.3    30060  1778794689394  1778794699493
read      324.9   302.1   101.3   161.2   174.9   260.2   308.1   340.7   368.7   408.0   475.8   647.3  1568.7  3794.4  6443.6  29994.2    30065  1778794701010  1778794711109
read      312.9   278.1   101.3   160.1   173.8   256.8   302.0   331.5   355.4   388.1   440.8   582.8  1438.4  3630.9  6257.6  30086.2    30070  1778794712628  1778794722729
read      291.3   261.9   101.3   155.8   168.4   242.9   283.2   308.2   327.8   354.6   396.2   498.7  1257.8  3636.8  6363.2  30045.8    30075  1778794724243  1778794734343
read      301.6   295.4   101.3   156.0   168.6   243.6   285.1   311.1   332.3   361.3   406.0   546.4  1508.4  3796.4  6347.8  30175.9    30080  1778794735857  1778794745961
read      357.0   446.5   101.3   166.1   181.2   270.5   317.5   349.2   376.3   413.0   471.7   640.1  3029.6  6048.9  6769.2  30040.1    30085  1778794747476  1778794757576
read      359.4   443.4   101.3   166.0   181.5   272.8   321.4   354.6   382.1   421.4   487.1   670.8  3018.0  6021.3  7837.0  30026.4    30090  1778794759091  1778794769193
read      333.3   357.0   101.3   166.0   181.3   269.0   313.7   343.0   367.7   399.9   453.5   581.1  1807.6  4583.8  6426.4  30173.5    30095  1778794770708  1778794780805
read      345.6   414.0   101.3   164.4   179.3   267.3   314.0   344.4   370.8   406.3   465.2   620.9  2786.4  5512.1  6813.3  30186.5    30100  1778794782320  1778794792422
read      352.9   433.3   101.3   165.7   180.9   271.3   319.4   351.8   378.3   415.5   472.2   620.5  3005.4  6007.9  6617.8  30090.7    30105  1778794793937  1778794804035
read      373.6   459.0   101.3   168.3   184.7   281.6   335.5   372.6   404.6   452.7   528.6   723.6  2891.8  6123.9  9041.5  30142.1    30110  1778794805549  1778794815648
read      365.4   468.5   101.3   166.0   181.0   270.7   320.7   356.6   386.8   431.0   507.0   734.0  2962.6  6101.9 10115.7  29988.2    30115  1778794817163  1778794827261
read      336.2   363.9   101.3   170.5   187.5   279.4   325.8   355.3   378.3   408.9   454.2   534.9  2136.4  4700.0  6426.9  30163.4    30120  1778794828776  1778794838873
read      285.5   133.1    93.8   164.0   179.2   264.3   306.5   332.3   352.2   376.7   411.4   467.9   615.8  1251.7  4489.2  30172.8    30125  1778794840390  1778794850490
read      285.5   121.1   101.3   165.6   181.1   265.9   307.3   332.7   352.1   376.3   410.6   465.7   590.6  1039.4  4127.6  30220.7    30130  1778794852003  1778794862102
read      285.8   124.4   101.3   165.9   181.6   266.7   308.3   333.4   352.6   376.7   409.6   463.0   584.3  1012.4  4219.8  30176.7    30135  1778794863615  1778794873715
read      280.8   128.1    93.8   161.6   176.8   259.6   300.3   325.2   344.3   369.3   402.9   460.8   609.7  1602.0  3857.1  30111.1    30140  1778794875229  1778794885326
read      289.0   149.2   101.3   162.7   178.3   265.0   307.9   334.1   354.7   380.5   416.5   474.7   659.9  1940.4  5515.7  30057.6    30145  1778794886839  1778794896937
read      293.7   267.1   101.3   157.8   170.0   244.2   284.6   309.5   329.4   356.4   397.9   505.9  1220.5  3623.5  6317.2  30142.0    30150  1778794898451  1778794908554
read      294.7   280.3   101.3   156.3   168.4   242.2   283.6   309.7   330.4   358.6   402.1   511.4  1314.3  3777.1  6349.7  30087.4    30155  1778794910066  1778794920168
read      298.3   257.4   101.3   158.6   171.8   252.0   294.2   319.4   340.6   368.1   410.6   511.0  1200.3  3457.5  6295.5  30182.4    30160  1778794921682  1778794931786
read      346.4   377.9   109.4   160.0   173.5   258.1   307.4   340.5   370.0   418.3   510.7   770.1  2332.5  4297.8  6233.6  30246.7    30165  1778794933303  1778794943404
read      382.1   451.9   101.3   159.7   173.6   263.6   318.3   360.6   401.7   477.7   628.0   934.5  2778.9  4729.1  6940.0  30102.5    30170  1778794944918  1778794955018
read      407.0   510.7   101.3   161.4   175.3   266.9   323.6   369.0   416.4   503.8   683.9  1063.5  3100.2  4860.4  7423.0  30232.0    30175  1778794956533  1778794966635
read      354.8   432.3   101.3   156.9   170.4   251.9   299.1   332.2   361.9   410.4   529.9   868.5  2567.1  4915.0  7833.6  30108.2    30180  1778794968151  1778794978251
read      297.5   267.2   101.3   159.6   172.2   248.6   289.2   314.1   334.2   361.2   402.3   512.1  1247.3  3575.4  6335.8  30069.5    30185  1778794979766  1778794989868
read      312.6   312.5   101.3   161.9   175.9   259.2   301.6   327.6   347.4   374.9   418.5   513.9  1697.6  4069.6  6346.4  30163.4    30190  1778794991383  1778795001481
read      292.7   219.6   101.3   161.5   174.8   254.1   295.8   321.1   342.1   369.3   412.5   511.0   957.0  2817.3  6755.1  30211.2    30195  1778795002995  1778795013096
read      268.2   107.7   101.3   161.9   175.7   252.2   289.7   311.5   327.5   346.7   374.0   422.8   539.2   948.7  3748.3  30310.6    30200  1778795014610  1778795024712
read      269.9   114.9   101.3   162.9   177.2   254.1   291.6   313.3   329.8   350.0   378.7   426.6   530.3   829.6  3570.9  30138.4    30205  1778795026227  1778795036324
read      281.2   115.0    93.8   165.0   181.0   264.2   303.6   326.7   344.3   367.3   398.2   449.9   568.7  1029.0  4031.7  30190.2    30210  1778795037837  1778795047936
read      273.9   119.0   101.3   161.2   175.8   256.5   296.1   319.1   337.0   358.8   388.5   436.6   550.0  1083.9  4061.3  30307.1    30215  1778795049450  1778795059550
read      281.9   123.8   101.3   165.6   180.5   262.4   302.1   325.8   344.1   367.6   399.9   456.7   593.0  1415.9  4011.4  30197.0    30220  1778795061064  1778795071164
read      278.5   113.4   101.3   165.7   180.2   261.0   300.5   323.5   341.7   364.5   395.0   445.0   560.0   964.5  3395.4  30212.8    30225  1778795072679  1778795082779
read      276.1   124.9   101.3   161.3   175.6   256.5   296.8   320.3   339.1   362.7   394.5   448.2   575.8  1377.0  4267.4  30179.9    30230  1778795084293  1778795094418
read      285.6   152.5    93.8   165.1   180.3   262.7   303.2   327.2   345.7   370.4   404.4   465.2   625.7  2322.9  5119.4  30201.3    30235  1778795095934  1778795106140
read      283.2   155.4   101.3   165.5   180.6   261.9   301.4   324.7   343.2   367.0   399.2   456.4   595.7  2062.3  5525.0  30280.6    30240  1778795107659  1778795117881
read      301.1   172.5   101.3   168.9   184.9   271.4   314.2   340.6   361.8   389.0   429.0   504.3   796.1  2360.2  5324.6  30187.2    30245  1778795119395  1778795129493
read      289.2   131.5   101.3   167.3   183.6   268.5   309.2   333.3   351.5   375.3   409.7   468.0   629.5  1689.0  4165.1  30269.2    30250  1778795131008  1778795141106
read      277.8   119.3    93.8   161.5   176.9   260.1   300.5   323.7   342.2   365.6   397.1   446.2   557.3  1171.8  4011.3  30199.1    30255  1778795142620  1778795152724
read      279.1   112.5    93.8   163.5   179.4   262.1   300.6   323.4   341.6   364.8   396.2   449.8   573.1   992.0  3434.0  30317.2    30260  1778795154238  1778795164343
read      279.8   121.6   101.3   162.4   177.5   260.0   300.2   324.0   343.0   367.4   400.4   456.5   590.0  1351.7  3757.7  30307.8    30265  1778795165857  1778795175956
read      283.2   121.9    93.8   164.7   180.8   263.1   302.0   325.6   344.1   368.7   402.1   462.3   625.6  1279.4  3384.9  30267.8    30270  1778795177470  1778795187571
read      277.2   117.7   101.3   164.0   179.6   260.1   297.7   320.1   338.3   360.6   390.8   439.3   555.6  1213.1  4040.8  30226.1    30275  1778795189085  1778795199188
read      289.0   179.6   101.3   162.9   177.6   261.1   302.0   326.7   346.0   371.9   407.6   472.2   768.7  2649.0  6281.9  30349.8    30280  1778795200700  1778795210800
read      302.9   287.5   109.4   159.9   172.3   248.9   288.9   313.7   334.0   361.6   404.3   530.2  1437.9  3805.3  6310.2  30285.7    30285  1778795212313  1778795222416
read      308.0   299.3   101.3   160.7   173.8   253.0   293.9   318.6   339.6   367.5   414.0   539.5  1609.5  3887.1  6396.5  30376.3    30290  1778795223929  1778795234029
read      314.2   303.3   101.3   159.7   173.2   256.1   299.9   328.1   351.0   383.0   437.4   589.0  1446.7  3977.1  6410.3  30276.3    30295  1778795235541  1778795245643
read      291.0   282.5   101.3   156.8   168.8   240.8   279.7   303.5   321.1   346.3   386.2   483.5  1295.3  3885.2  6377.7  30289.3    30300  1778795247157  1778795257257
read      289.5   270.2   101.3   156.7   168.8   240.6   279.5   303.3   321.0   345.7   386.3   488.0  1255.3  3747.7  6342.4  30363.1    30305  1778795258771  1778795268872
read      308.2   284.3   101.3   161.6   175.1   255.8   297.7   323.5   344.4   372.9   420.3   536.7  1398.1  3713.0  6431.9  30395.6    30310  1778795270385  1778795280488
read      309.6   293.5   101.3   160.3   173.1   252.2   295.0   321.9   344.8   375.2   427.8   563.4  1490.6  3886.1  6345.3  30259.3    30315  1778795282002  1778795292110
read      293.8   298.3   101.3   155.5   167.2   237.8   277.0   301.6   320.4   347.7   393.1   519.6  1367.4  4040.9  6355.9  30350.3    30320  1778795293623  1778795303721
read      291.7   284.2   101.3   157.3   169.2   240.7   279.4   303.4   321.2   346.6   387.2   487.3  1338.9  3848.7  6389.6  30393.7    30325  1778795305234  1778795315332
read      305.4   312.6   101.3   159.8   172.6   250.5   290.8   315.2   335.2   362.0   403.1   514.6  1558.7  4068.2  6407.5  30341.1    30330  1778795316845  1778795326943
read      300.3   279.9   101.3   160.2   173.1   250.5   290.4   314.5   334.1   360.7   401.7   507.6  1329.3  3738.2  6392.3  30349.0    30335  1778795328458  1778795338562
read      461.1   713.3   101.3   166.0   181.9   280.7   339.0   385.4   429.5   497.8   626.9  1166.1  4309.2  6302.5  7872.3  30376.1    30340  1778795340077  1778795350178
read      325.6   394.0   109.4   162.2   175.5   254.7   296.5   322.7   344.8   374.8   423.9   540.4  2638.9  4872.0  6432.8  30375.7    30345  1778795351691  1778795361790
read      336.2   393.0   101.3   164.6   179.3   266.3   311.0   339.2   363.3   396.2   449.8   577.4  2439.2  5048.8  6624.8  30466.0    30350  1778795363304  1778795373405
read      331.4   341.4   101.3   167.3   183.5   274.0   318.2   345.8   368.9   399.2   447.8   562.8  1487.5  4506.3  7032.8  30313.3    30355  1778795374920  1778795385023
read      334.1   388.6   101.3   165.5   180.2   265.4   308.8   336.5   359.7   391.5   441.7   573.6  2389.5  4942.4  6455.4  30408.2    30360  1778795386536  1778795396640
read      348.7   448.0   101.3   164.5   179.3   265.2   310.6   340.6   366.7   402.4   466.5   636.7  2895.9  6095.9  8923.4  30296.5    30365  1778795398154  1778795408255
read      346.9   404.7   109.4   167.5   183.2   271.6   316.6   345.5   371.1   405.5   465.3   614.2  2798.0  4999.7  6418.2  30277.4    30370  1778795409768  1778795419866
read      346.6   409.6   101.3   166.6   181.8   268.0   313.1   342.6   368.2   403.3   466.3   637.2  2792.3  5016.0  6616.5  30393.6    30375  1778795421380  1778795431481
read      350.8   421.9   101.3   166.5   182.1   270.4   316.3   346.4   373.2   410.3   471.0   631.0  2887.3  5600.7  6437.2  30395.5    30380  1778795432993  1778795443095
read      278.0   119.2   101.3   162.2   177.7   259.3   298.5   322.0   340.9   364.3   395.8   449.4   580.1  1087.6  3548.8  30376.7    30385  1778795444608  1778795454707
read      279.4   117.8   101.3   162.7   178.2   261.5   301.1   324.4   342.8   366.1   397.9   451.0   578.8  1084.1  4190.7  30343.3    30390  1778795456222  1778795466323
read      270.3   123.0   101.3   161.6   176.3   252.9   289.7   311.5   327.8   347.9   377.9   427.1   549.2  1247.5  4338.0  30464.6    30395  1778795467836  1778795477939
read      273.9   124.4   101.3   160.0   174.9   253.8   292.0   315.1   333.2   356.2   389.1   445.6   593.5  1452.7  3854.4  30480.3    30400  1778795479452  1778795489555
read      272.5   115.5    93.8   160.8   175.6   255.5   293.9   316.4   334.1   356.2   386.8   434.8   544.4   991.9  4264.1  30408.2    30405  1778795491068  1778795501170
read      274.4   109.3   101.3   165.0   180.0   258.1   295.3   318.0   335.9   357.5   386.5   432.6   538.6   827.6  3580.4  30394.6    30410  1778795502682  1778795512783
read      278.3   114.9   101.3   165.4   180.6   261.1   299.7   322.6   340.7   363.3   393.6   442.1   550.1  1052.3  3837.7  30427.9    30415  1778795514297  1778795524396
read      347.7   416.2   101.3   165.5   180.3   266.3   312.0   342.0   368.3   404.2   467.1   649.5  2528.5  5090.4  6591.4  30487.9    30420  1778795525909  1778795536009
read      328.6   328.5   101.3   163.8   177.6   259.2   303.1   332.1   357.0   393.7   459.3   673.1  1827.5  4007.3  6402.5  30345.9    30425  1778795537522  1778795547624
read      341.4   336.7   101.3   168.6   185.6   279.5   325.5   355.6   379.9   413.2   467.3   611.3  1892.9  4200.1  6456.4  30448.0    30430  1778795549140  1778795559240
read      297.8   273.4   101.3   161.5   174.2   247.8   286.4   310.2   329.3   355.1   396.2   504.9  1369.9  3760.5  6278.3  30388.3    30435  1778795560753  1778795570855
read      302.3   297.7   101.3   158.7   171.2   247.3   288.2   313.7   334.8   363.4   408.4   530.1  1387.4  3981.0  6408.4  30474.6    30440  1778795572368  1778795582471
read      302.3   284.5   109.4   160.1   173.1   251.3   291.1   315.8   336.3   363.7   405.0   514.6  1380.7  3746.5  6341.6  30468.5    30445  1778795583983  1778795594082
read      301.1   282.0   109.4   158.1   170.9   247.0   286.5   311.5   332.1   360.8   407.6   544.8  1391.0  3697.1  6288.5  30406.3    30450  1778795595595  1778795605696
read      306.2   302.4   101.3   159.9   172.8   250.5   290.7   315.7   336.4   364.2   407.4   532.7  1561.6  3986.9  6373.9  30495.7    30455  1778795607211  1778795617313
read      312.9   301.6   101.3   160.9   174.7   258.1   299.9   325.8   346.2   374.6   421.8   550.1  1562.1  4021.2  6352.2  30354.3    30460  1778795618826  1778795628928
read      304.3   300.6   101.3   160.5   173.2   250.6   290.5   315.2   335.8   363.5   404.7   518.7  1504.0  3958.0  6360.2  30553.5    30465  1778795630441  1778795640547
read      299.3   298.3   101.3   158.4   171.2   245.0   283.4   307.7   326.9   353.5   396.2   518.0  1441.1  3939.1  6381.3  30512.8    30470  1778795642060  1778795652163
read      501.0   832.6   101.3   164.0   179.5   283.3   351.3   408.7   459.8   525.0   623.5  1506.5  4464.4  6339.3  7909.3  29623.9    30475  1778795653676  1778795663777
read      367.3   481.2   101.3   166.1   181.1   268.1   315.0   346.3   373.5   413.5   482.9   749.8  3256.5  6107.0  7624.0  30506.4    30480  1778795665291  1778795675392
read      337.9   422.2   109.4   164.0   177.7   257.8   299.0   325.9   347.9   379.6   431.4   591.8  2856.2  5125.7  6995.7  30398.4    30485  1778795676905  1778795687004
read      312.3   316.9   101.3   163.3   177.9   262.2   303.4   329.0   348.9   375.2   416.9   505.6  1321.8  4200.8  6408.6  30488.1    30490  1778795688516  1778795698617
read      336.0   397.9   101.3   164.2   178.6   264.0   308.6   337.4   361.4   394.2   447.7   580.7  2605.2  4868.0  6915.0  30365.5    30495  1778795700130  1778795710230
read      345.1   392.0   101.3   166.3   182.5   273.1   318.5   347.8   373.1   408.1   466.5   619.6  2326.1  4969.5  7015.6  30528.2    30500  1778795711744  1778795721845
Warning! Detected max cpu usage > 95%
CPU Usage Stats (avg/min/max): 83.33%,0.00%,100.00%
