Random waveform, supplied seed
Total number of intervals = 100 (6927, 52892, 98921, 61129, 40613, 53226, 38560, 103465, 104758, 94759, 37799, 8296, 69443, 12517, 43591, 20430, 93758, 10485, 16518, 83230, 5484, 55611, 20774, 96726, 32442, 73039, 74055, 51197, 59442, 35654, 78747, 42212, 52488, 36950, 16762, 79473, 61431, 87172, 108181, 80515, 37149, 13444, 72057, 70041, 90162, 52082, 24258, 72013, 58012, 45398, 50177, 34504, 66010, 73937, 55020, 53235, 97743, 5419, 14764, 7451, 48208, 16149, 78989, 18886, 75954, 44409, 16431, 85707, 58253, 103867, 21604, 90401, 84467, 99700, 32052, 18173, 67789, 51929, 83850, 18614, 29315, 108090, 27024, 49907, 9150, 34328, 51881, 14569, 81517, 78694, 93409, 39093, 18729, 70818, 21942, 91810, 39588, 40957, 62645, 15539)
Average QPS expected = 52869
Timestamp start: 1778425728355
Timestamp end: 1778427228665

#type       avg     std     min      p5     p10     p50     p67     p75     p80     p85     p90     p95     p99    p999   p9999      QPS   target
read      215.9   135.0    93.8   143.2   156.9   209.3   228.3   238.6   247.3   256.5   270.1   292.4   345.6  1160.4  7801.6   6906.3     6927
read      333.1   341.0    74.4   127.0   143.9   281.7   353.2   395.7   427.6   465.2   515.0   599.9  1344.8  4515.9 10796.4  52974.5    52892
read      733.9  1395.4    74.4   153.4   170.5   250.8   309.3   370.4   491.7  1265.2  1971.2  3304.0  6709.5 12490.3 18706.5  98808.5    98921
read      435.0   702.1    74.4   128.9   147.4   284.9   381.7   445.4   495.3   559.0   666.5  1057.0  3194.6  8456.7 16124.0  61095.8    61129
read      350.2   378.7    74.4   129.1   148.3   290.2   363.3   402.4   430.5   462.9   506.5   603.1  1810.0  5491.2  8131.7  40645.1    40613
read      370.6   468.0    74.4   129.1   149.1   295.3   378.2   425.1   458.4   497.8   548.1   665.1  2006.3  7487.8 11929.5  53178.7    53226
read      335.6   301.8    74.4   130.3   149.9   288.8   357.2   394.9   421.6   452.7   493.8   574.8  1471.8  3965.1  7860.4  38613.3    38560
read      666.5  1312.5    80.4   150.3   167.7   252.4   310.3   364.5   437.9   842.9  1515.3  3018.0  6482.1 12552.5 17147.5 103441.5   103465
read      721.4  1444.2    74.4   155.5   173.7   256.1   313.2   367.3   440.1   948.6  1633.9  3361.0  7183.1 13110.6 18085.4 104693.9   104758
read      552.5  1014.6    74.4   149.4   167.3   258.8   318.9   374.3   448.0   694.8  1288.4  2112.2  5484.1 10688.8 16399.4  94766.1    94759
read      285.8   239.0    74.4   124.8   140.0   257.6   308.1   335.2   355.0   378.6   411.5   474.7   980.3  3362.7  7404.3  37780.9    37799
read      243.0   162.0    86.8   140.3   155.2   222.9   250.0   265.9   277.0   292.2   313.9   362.6   802.8  1839.3  4173.6   8289.6     8296
read      439.5   703.1    74.4   128.1   147.5   296.4   399.0   462.3   510.5   572.5   669.9  1013.4  3055.9 10178.4 15805.8  69528.7    69443
read      242.4   141.1    80.4   136.2   153.4   230.6   258.7   273.8   286.3   300.1   319.0   354.0   543.5  1870.3  5262.5  12482.3    12517
read      276.1   176.4    80.4   125.5   139.7   259.1   310.0   336.6   355.6   377.6   406.3   457.8   731.6  2246.6  5009.4  43532.5    43591
read      252.4   129.7    80.4   132.8   148.9   246.3   278.5   295.4   308.2   321.8   342.4   374.9   503.2  1410.3  4534.7  20437.9    20430
read      390.4   673.5    74.4   127.9   143.1   251.0   318.5   368.9   410.3   466.5   567.7   935.3  3170.8  8855.0 14083.8  93941.8    93758
read      256.7   168.1    86.8   143.2   161.0   236.3   267.7   285.2   297.3   313.8   336.2   377.8   816.6  2264.1  5351.0  10502.5    10485
read      279.9   176.0    80.4   139.1   157.9   258.4   299.4   321.6   338.7   358.7   385.6   435.4   894.5  2300.1  5149.6  16499.3    16518
read      493.3   806.6    74.4   130.8   148.4   265.6   361.9   449.3   532.2   661.2   921.2  1666.2  3601.4  9407.1 15636.5  83301.3    83230
read      234.9   161.9    86.8   148.1   161.5   215.9   238.3   252.2   263.0   274.7   293.7   332.5   676.3  2254.7  7510.0   5458.8     5484
read      388.5   460.6    74.4   130.4   151.5   310.4   401.8   454.4   492.1   536.1   594.3   724.6  1972.0  7196.7 10919.5  55582.0    55611
read      293.7   185.9    80.4   135.7   154.4   269.9   317.8   343.6   362.5   384.7   414.7   471.9  1003.0  2262.8  5451.2  20810.0    20774
read      569.8  1082.8    74.4   139.8   158.5   263.6   335.2   401.2   485.1   678.9  1102.0  2241.0  6212.7 10898.0 16384.0  96735.7    96726
read      306.7   292.5    74.4   128.0   144.4   268.4   319.7   348.8   370.6   397.4   434.0   508.2  1340.9  4139.6  7925.3  32383.7    32442
read      541.2   921.9    74.4   129.4   148.2   294.1   436.3   541.1   632.0   759.0  1005.8  1618.9  4345.3 12071.7 18313.1  72920.3    73039
read      503.9   872.1    74.4   129.8   147.2   270.2   358.4   433.1   507.4   637.9   925.3  1723.4  4361.5  9811.2 16363.8  74121.7    74055
read      392.5   511.6    74.4   132.9   154.5   304.7   392.1   441.7   477.4   520.4   580.0   717.5  2335.8  7521.9 13905.0  51222.7    51197
read      424.3   557.9    74.4   132.8   154.2   313.8   416.6   477.8   523.9   581.8   665.8   881.0  2529.1  7787.4 14233.5  59529.5    59442
read      358.4   410.7    80.4   131.2   151.4   292.4   362.9   401.8   430.2   464.0   510.2   628.4  1949.0  6254.5  9083.3  35721.1    35654
read      535.7   956.6    74.4   133.0   151.7   276.3   373.0   458.0   541.0   681.5   988.4  1853.4  5025.8 11193.8 17435.4  78687.6    78747
read      362.2   421.9    80.4   130.9   150.7   295.7   372.3   415.9   447.1   484.4   535.1   651.0  1852.3  5713.6 13468.7  42152.2    42212
read      399.1   504.3    74.4   131.1   151.0   299.6   388.6   441.2   480.1   528.8   598.4   798.7  2474.3  7192.7 10820.6  52575.6    52488
read      346.1   345.3    74.4   132.1   151.9   292.4   363.9   403.0   430.7   463.2   506.5   598.3  1562.8  4839.7  8462.5  37046.9    36950
read      282.9   181.1    80.4   136.7   155.5   259.2   301.7   324.9   342.1   363.3   392.1   449.1   967.6  2338.9  4166.3  16751.8    16762
read      511.8   848.0    74.4   133.2   150.8   269.2   368.3   457.1   540.1   673.8   975.0  1802.6  4119.5  9747.2 15393.9  79385.6    79473
read      442.8   594.1    74.4   133.4   152.9   309.8   419.6   490.1   544.2   615.9   726.0  1053.1  2752.4  8074.8 12994.6  61288.1    61431
read      554.1   991.6    74.4   137.7   155.4   268.1   364.1   466.4   580.5   756.9  1080.2  1894.6  5539.9 11192.2 15865.5  87105.9    87172
read      564.6  1042.7    74.4   150.0   168.8   263.5   321.3   374.5   444.7   679.7  1280.8  2332.1  5786.9 11097.9 17676.7 108240.5   108181
read      495.5   853.8    74.4   130.9   148.5   268.5   361.4   440.0   516.4   637.2   878.2  1596.7  4136.3  9927.6 16106.0  80655.6    80515
read      304.9   256.0    80.4   131.6   147.5   271.6   325.2   355.2   376.8   403.4   441.7   519.2  1217.1  3330.9  7899.0  37130.8    37149
read      265.1   235.4    86.8   143.3   161.7   240.7   271.1   288.6   301.2   317.1   340.1   383.3   881.1  3377.8  7939.5  13494.5    13444
read      348.0   596.5    74.4   123.7   138.3   251.1   316.4   357.5   388.9   427.3   484.4   658.8  2403.2  8030.3 16090.0  72198.4    72057
read      336.0   477.9    80.4   126.5   141.2   253.6   317.9   358.5   388.9   425.6   477.6   616.8  2236.7  7356.8 11639.8  70007.5    70041
read      409.9   798.9    74.4   129.5   145.2   254.1   318.5   365.7   404.0   457.4   547.9   939.9  3765.1 10948.0 16546.2  90102.9    90162
read      298.8   322.8    74.4   124.5   139.0   259.1   318.2   350.9   374.2   401.9   438.2   509.3  1092.7  4681.6 10334.6  52139.1    52082
read      267.4   165.7    80.4   132.2   148.3   254.4   291.1   311.2   325.4   343.1   368.1   414.5   682.7  2090.4  7057.9  24283.6    24258
read      323.3   370.5    74.4   124.1   138.9   258.3   325.6   367.9   399.6   437.5   492.8   614.6  1651.3  5214.6  9858.4  72035.1    72013
read      308.7   266.0    80.4   125.2   139.9   263.5   327.7   365.2   392.3   424.9   468.5   565.2  1318.0  3342.7  7674.8  58154.1    58012
read      294.9   420.2    74.4   126.8   141.5   267.0   324.0   355.2   377.3   403.3   438.0   505.0   894.6  2997.0  7777.6  45323.7    45398
read      295.4   218.9    74.4   124.8   139.5   264.4   323.7   357.2   381.1   409.2   447.6   520.5  1002.9  2723.7  7151.9  50186.3    50177
read      251.2   305.7    74.4   129.4   143.5   249.9   284.8   302.2   314.6   329.5   347.3   379.5   467.7  1054.2  3971.3  34442.3    34504
read      247.0   100.5    74.4   123.9   137.8   235.0   288.8   313.2   329.5   347.1   370.2   403.0   475.7   670.2  1998.1  66087.4    66010
read      245.2   222.5    74.4   123.0   136.5   229.1   285.2   311.4   328.6   346.9   370.8   404.3   484.2   743.1  2921.9  73863.8    73937
read      246.0    95.1    74.4   123.6   137.2   240.7   288.8   310.3   324.5   341.2   362.6   394.0   461.7   602.2  2292.2  54933.0    55020
read      245.9   100.9    74.4   124.7   138.2   241.3   288.3   309.2   322.6   338.9   359.5   390.7   457.7   633.2  2569.2  53176.6    53235
read      240.5   106.5    74.4   122.2   135.3   219.8   273.0   301.7   320.4   341.8   368.2   406.9   517.2   877.4  2284.3  97799.3    97743
read      206.5    70.3    86.8   143.5   156.1   201.2   218.5   228.8   235.2   245.3   256.8   275.6   328.8   793.4  3164.8   5417.1     5419
read      230.6    68.5    80.4   140.8   157.6   228.5   251.9   265.1   273.7   285.6   299.1   320.9   374.4   611.9  2434.4  14716.1    14764
read      210.6    71.0    86.8   142.5   156.8   206.1   224.3   234.2   242.6   252.1   265.6   286.4   336.8   636.1  2761.9   7452.1     7451
read      248.6    99.9    74.4   128.6   142.0   246.0   290.0   309.9   322.8   338.9   358.8   388.9   452.1   599.3  2142.3  48116.8    48208
read      232.9    82.9    80.4   139.2   155.4   231.3   255.6   268.8   277.7   289.5   304.0   326.8   379.5   617.7  2554.6  16117.5    16149
read      244.1   103.1    74.4   122.5   136.1   227.2   282.7   309.6   327.3   346.5   371.3   406.7   489.2   728.2  2528.5  79151.9    78989
read      238.0    77.5    74.4   138.6   155.7   235.4   261.9   275.3   286.3   297.4   314.6   341.0   404.2   667.3  2335.8  18939.1    18886
read      245.8   349.2    74.4   122.5   136.1   228.5   284.2   310.7   328.1   347.0   371.8   407.7   496.3   838.8  2729.8  76018.7    75954
read      250.3   269.0    74.4   128.4   142.0   250.0   291.3   310.7   323.5   339.2   359.0   388.4   450.3   599.2  1986.9  44417.1    44409
read      229.7    72.4    74.4   136.9   153.7   228.3   252.0   265.2   273.8   285.7   298.9   320.8   374.5   610.9  2588.7  16443.2    16431
read      242.0   122.2    68.9   121.0   133.9   221.5   277.8   305.9   324.0   344.1   369.6   406.9   503.1   920.5  4378.1  85534.1    85707
read      248.4   103.9    74.4   126.6   140.3   240.8   291.0   313.0   327.7   343.9   365.5   396.8   463.6   634.8  2648.4  58333.5    58253
read      244.7   120.7    74.4   125.2   138.8   223.5   274.5   303.0   321.7   343.2   369.7   410.4   531.1  1186.0  3545.2 103804.3   103867
read      238.6    83.1    74.4   136.6   151.4   239.3   266.1   279.8   290.0   301.5   316.7   340.5   393.0   584.6  2020.2  21546.7    21604
read      240.8   103.0    74.4   122.0   135.4   221.4   275.7   304.0   322.3   343.2   368.8   405.0   496.7   776.3  2463.7  90443.8    90401
read      241.7   104.9    74.4   121.9   135.3   223.7   278.5   306.1   323.9   343.8   368.6   404.1   491.7   752.1  2329.9  84577.4    84467
read      258.5   152.5    74.4   126.4   140.7   232.8   286.7   315.3   335.5   358.9   388.9   438.3   668.8  1723.6  4914.7  99813.8    99700
read      245.1    83.6    74.4   131.6   146.1   246.8   279.0   295.0   306.9   319.3   337.6   364.9   422.9   598.1  2174.9  32046.4    32052
read      237.7    87.1    80.4   138.3   155.3   235.0   260.9   274.2   285.1   296.4   313.5   340.1   405.5   658.9  2661.3  18185.4    18173
read      246.4   104.3    74.4   124.1   137.8   233.2   287.7   312.3   328.6   346.2   369.2   402.3   479.5   725.0  2500.2  67840.2    67789
read      247.7    97.5    74.4   126.3   139.7   244.1   290.7   311.3   325.0   341.1   361.5   391.4   454.4   606.0  2213.4  51944.0    51929
read      243.0   103.8    74.4   121.9   135.1   224.3   280.9   308.7   327.0   346.8   371.9   409.2   497.5   743.9  2439.9  83877.7    83850
read      234.3    75.3    80.4   137.8   153.6   234.1   259.0   271.8   281.4   292.4   307.1   329.2   379.3   598.9  2771.8  18657.9    18614
read      242.2    90.6    80.4   130.8   145.8   243.1   273.5   289.2   299.9   313.4   330.6   357.7   417.2   583.8  2332.4  29313.9    29315
read      249.2   126.2    74.4   125.8   139.6   226.5   277.8   306.5   326.0   348.0   375.8   422.3   584.8  1307.5  3450.3 108029.9   108090
read      242.8    90.8    68.9   132.5   147.2   244.5   274.0   289.4   299.7   312.8   328.8   354.0   406.2   597.4  2326.3  27017.7    27024
read      248.1    94.7    74.4   125.6   139.3   245.3   289.8   310.1   323.6   340.0   360.9   392.1   458.9   627.4  2319.9  49872.3    49907
read      216.4    79.5    80.4   142.8   158.4   211.7   231.1   242.4   250.6   260.9   273.5   295.4   350.2   643.9  3149.6   9150.1     9150
read      245.9    88.3    74.4   130.8   145.1   247.9   281.4   297.4   309.7   322.4   340.8   368.0   425.7   585.7  2114.4  34220.8    34328
read      249.5    97.3    74.4   127.2   141.0   245.8   290.6   311.4   325.5   341.8   362.8   393.8   460.9   622.6  2318.9  51915.3    51881
read      230.5    76.8    86.8   140.3   157.9   227.3   250.7   263.9   272.9   285.2   299.7   324.0   384.3   624.6  2900.4  14555.7    14569
read      242.0   107.0    74.4   121.7   135.1   224.5   279.6   306.6   324.1   343.9   368.3   403.4   490.3   759.0  2470.6  81338.2    81517
read      243.2   107.4    74.4   122.8   136.5   226.1   281.6   308.3   325.6   344.8   368.8   403.1   485.6   720.9  2505.1  78742.1    78694
read      243.5   111.5    74.4   122.7   136.2   223.1   276.8   305.1   323.7   344.6   370.6   410.5   525.3  1028.6  2622.7  93525.1    93409
read      244.6    91.3    74.4   126.7   140.4   246.1   282.6   299.9   312.4   326.4   344.1   371.8   431.5   595.6  2272.0  39076.9    39093
read      232.8    88.9    80.4   136.1   153.0   230.3   255.5   269.4   279.2   291.5   307.7   333.6   396.3   614.8  2355.7  18684.5    18729
read      244.3   103.1    74.4   122.0   135.4   229.6   285.1   310.5   327.2   345.5   369.1   402.9   485.7   750.1  2273.2  70882.9    70818
read      246.5    89.2    80.4   139.1   156.4   243.5   272.2   287.9   298.4   312.6   330.5   360.0   431.4   716.8  3123.8  22049.9    21942
read      254.1   153.1    74.4   123.1   137.1   228.7   284.2   313.2   333.0   355.4   384.0   431.2   631.3  1850.1  4646.9  91810.9    91810
read      244.6   103.0    74.4   125.4   139.1   245.9   282.9   300.6   313.1   327.5   345.2   373.0   433.0   617.4  2753.3  39563.7    39588
read      246.9    90.0    74.4   127.1   140.4   248.6   287.2   305.7   317.9   333.2   351.1   379.0   436.6   569.9  1849.9  40883.3    40957
read      248.3    99.1    74.4   124.1   137.6   237.6   291.8   315.6   331.7   349.1   371.0   403.2   478.0   752.4  2044.3  62662.6    62645
read      230.8    84.5    80.4   139.9   155.7   228.9   252.3   265.3   273.7   285.8   299.6   322.1   373.9   615.2  2601.9  15531.3    15539

Total QPS = 52873.8 (79310648 / 1500.0s)

Total connections = 64
Misses = 0 (0.0%)
Skipped TXs = 0 (0.0%)

RX 19589729315 bytes :   12.5 MB/s
TX          0 bytes :    0.0 MB/s
Warning! Detected max cpu usage > 95%
CPU Usage Stats (avg/min/max): 100.00%,49.75%,100.00%
