#type       avg     std     min      p5     p10     p50     p67     p75     p80     p85     p90     p95     p99    p999   p9999      QPS   target       ts_start         ts_end
read      291.5   133.2    80.4   154.5   171.6   266.8   319.0   349.7   371.9   398.7   435.0   497.4   661.3  1262.3  3699.7  30015.3    30000  1778887920888  1778887936043
read      294.9   159.9    80.4   149.2   165.3   263.6   319.2   352.4   376.5   406.2   448.8   524.8   773.7  1775.8  4144.8  29985.6    30001  1778887937558  1778887952691
read      283.3   124.8    86.8   149.9   167.0   262.7   314.3   344.0   365.5   390.7   423.3   473.3   590.4   872.2  3998.9  29952.4    30002  1778887954208  1778887969313
read      284.2   122.3    86.8   151.9   168.5   262.8   314.2   343.6   365.3   390.9   424.3   477.3   604.1  1020.7  3437.0  30026.6    30003  1778887970829  1778887985933
read      285.1   144.7    86.8   150.3   167.0   262.6   313.9   343.4   365.3   391.2   425.9   481.8   623.1  1255.7  4232.9  30019.0    30004  1778887987449  1778888002561
read      283.2   120.6    86.8   150.3   168.0   262.7   313.4   342.6   363.9   388.7   421.1   471.9   605.2   995.0  3459.9  29890.8    30005  1778888004077  1778888019181
read      286.9   124.8    86.8   153.4   170.6   266.0   316.6   346.1   367.6   393.2   426.6   480.3   616.6   952.1  3679.6  29941.5    30006  1778888020699  1778888035801
read      292.6   138.0    86.8   150.4   168.6   269.8   322.6   353.9   375.9   402.4   438.2   499.3   654.0  1144.5  4279.1  29995.7    30007  1778888037315  1778888052421
read      282.2   128.0    86.8   153.0   169.9   260.6   308.3   336.3   357.0   381.4   414.4   469.2   625.2  1312.3  3885.6  29912.6    30008  1778888053938  1778888069042
read      294.4   156.3    86.8   152.5   170.4   270.1   320.8   351.1   373.4   400.6   437.4   502.2   689.4  1491.9  4375.4  29962.5    30009  1778888070557  1778888085659
read      293.8   139.7    86.8   153.6   172.0   270.9   322.1   352.6   374.1   400.6   435.5   495.6   659.0  1466.6  4174.6  29960.4    30010  1778888087175  1778888102278
read      282.4   162.1    86.8   145.1   161.1   250.4   300.5   330.7   353.2   381.3   421.0   498.9   822.9  1866.8  4316.0  29997.3    30011  1778888103794  1778888118896
read      285.0   144.1    80.4   148.7   164.6   259.7   310.4   340.0   362.0   388.2   423.7   486.7   699.7  1660.1  4116.7  30041.1    30012  1778888120411  1778888135515
read      271.1   117.0    80.4   150.1   165.0   252.6   299.3   326.2   345.3   368.4   397.7   443.9   553.6   931.2  3653.8  29940.7    30013  1778888137031  1778888152139
read      276.0   123.4    80.4   150.4   166.1   257.8   305.4   332.5   351.9   374.4   403.7   453.4   570.6   946.0  4395.2  30068.7    30014  1778888153659  1778888168763
read      277.7   150.3    86.8   147.7   163.7   257.1   306.1   334.0   354.4   378.0   409.5   460.8   587.3  1228.9  6058.2  30069.0    30015  1778888170279  1778888185388
read      275.4   133.6    86.8   148.4   163.6   253.6   301.9   330.1   350.5   374.7   407.0   460.5   603.7  1390.9  4066.3  30093.8    30016  1778888186903  1778888202004
read      312.6   341.9    86.8   146.3   160.3   249.1   303.0   335.5   360.2   391.6   438.2   567.0  1555.7  4605.4  7925.8  30010.5    30017  1778888203520  1778888218626
read      297.4   288.4    86.8   142.2   155.0   237.5   291.5   324.4   349.7   382.6   432.4   568.6  1384.5  3747.9  6411.9  30035.0    30018  1778888220141  1778888235247
read      293.1   285.9    86.8   141.5   154.8   236.6   289.4   321.1   345.6   375.5   420.9   536.9  1304.6  3763.3  6390.8  30065.9    30019  1778888236764  1778888251871
read      277.6   249.5    86.8   140.8   153.4   229.6   277.7   307.0   328.5   355.1   392.8   479.1  1124.8  3579.8  6274.7  30009.0    30020  1778888253388  1778888268491
read      292.2   271.8    86.8   142.0   156.1   242.2   293.9   324.5   347.1   374.9   415.6   504.1  1277.8  3681.7  6369.3  30008.9    30021  1778888270006  1778888285110
read      288.2   271.6    86.8   141.5   154.8   238.4   289.6   319.3   341.7   368.8   406.5   493.0  1282.5  3708.6  6363.1  30014.1    30022  1778888286626  1778888301734
read      306.3   311.0    86.8   143.3   157.7   248.1   300.9   332.3   356.1   386.3   431.3   551.7  1494.0  4052.7  6409.2  30052.1    30023  1778888303249  1778888318362
read      323.1   302.9    86.8   152.2   168.0   267.1   320.2   353.1   377.6   409.9   459.5   588.0  1397.9  3920.8  6387.0  29999.5    30024  1778888319877  1778888334978
read      307.2   289.9    86.8   150.3   164.9   256.5   307.1   337.9   361.4   390.7   432.4   528.0  1276.2  3867.6  6417.8  30032.7    30025  1778888336491  1778888351598
read      311.6   291.8    86.8   150.5   165.5   259.3   310.4   341.3   365.3   395.3   439.1   545.4  1344.4  3725.3  6449.6  29991.9    30026  1778888353112  1778888368215
read      304.2   298.7    86.8   149.9   163.7   250.2   298.3   328.3   351.0   379.8   423.2   532.9  1310.6  3909.0  6440.0  30067.7    30027  1778888369730  1778888384835
read      315.3   309.1    86.8   150.8   165.9   258.8   309.4   340.4   364.6   395.1   439.8   555.2  1411.6  3880.6  6392.4  30078.2    30028  1778888386352  1778888401457
read      283.4   129.2    86.8   150.8   166.8   265.3   313.1   340.6   361.1   385.4   417.6   468.8   596.3  1028.7  4373.6  30060.5    30029  1778888402976  1778888418082
read      279.9   128.3    80.4   147.8   165.5   261.6   307.8   335.1   355.6   379.8   412.1   465.7   595.0  1064.5  4194.3  30069.7    30030  1778888419598  1778888434703
read      282.2   123.6    86.8   148.4   165.4   263.1   310.4   338.1   358.8   383.3   416.4   470.8   616.5  1234.3  3345.9  30107.0    30031  1778888436217  1778888451318
read      282.4   123.8    86.8   148.7   165.3   264.3   312.0   339.6   360.3   385.0   417.8   469.9   601.1  1000.7  4107.8  30073.6    30032  1778888452832  1778888467942
read      294.1   186.8    86.8   152.3   169.1   265.3   314.4   343.8   366.9   395.2   433.9   506.5   756.3  1909.0  7347.9  30041.3    30033  1778888469461  1778888484609
read      288.2   191.7    86.8   152.8   168.7   261.5   308.4   336.0   356.8   382.1   417.1   479.6   709.5  2772.1  6860.2  30033.8    30034  1778888486129  1778888501392
read      272.8   159.7    86.8   150.8   166.4   253.9   295.6   319.5   338.2   360.6   390.4   438.2   587.7  1630.3  5984.5  29986.5    30035  1778888502910  1778888518144
read      279.7   127.7    86.8   148.8   165.6   260.8   306.2   333.1   353.2   377.1   409.7   464.4   607.5  1234.9  3915.3  30049.1    30036  1778888519660  1778888534764
read      313.0   214.5    80.4   149.5   166.9   268.6   321.8   356.4   383.5   419.7   475.8   603.6  1073.5  2505.8  4749.5  29997.9    30037  1778888536282  1778888551386
read      273.5   107.3    86.8   149.4   165.7   258.6   302.3   327.2   345.4   368.3   397.6   445.4   554.8   790.1  3279.5  30046.0    30038  1778888552903  1778888568008
read      272.4   117.2    86.8   153.5   169.4   257.3   298.0   321.6   340.1   362.2   390.7   435.2   543.2   825.7  4361.5  29994.1    30039  1778888569523  1778888584624
read      276.8   109.3    86.8   154.0   170.0   261.8   304.8   329.6   347.6   370.5   399.7   447.7   554.7   789.5  3337.1  30069.2    30040  1778888586139  1778888601243
read      272.7   115.4    86.8   151.1   167.3   257.1   299.8   324.4   342.7   365.0   393.9   438.6   550.0   891.4  3910.7  30044.9    30041  1778888602758  1778888617861
read      258.3   112.0    80.4   146.2   161.7   244.0   283.7   306.4   322.5   342.9   369.6   412.0   508.6   771.9  4069.5  30041.3    30042  1778888619376  1778888634483
read      266.7   109.2    86.8   146.8   162.1   252.0   294.8   318.9   337.4   359.5   388.2   433.1   542.5   771.5  3342.0  30017.4    30043  1778888636001  1778888651107
read      263.7   110.7    86.8   147.9   163.0   247.8   288.8   312.4   329.9   350.9   379.2   426.0   545.7  1051.1  3404.7  29994.3    30044  1778888652621  1778888667720
read      266.8   115.1    86.8   148.5   163.0   249.4   292.1   316.6   335.3   357.6   387.1   434.7   567.1  1053.0  3308.1  30042.9    30045  1778888669234  1778888684336
read      263.5   113.3    86.8   148.3   163.0   247.7   289.3   313.2   330.9   351.9   379.8   425.1   536.8   953.7  3857.6  30063.9    30046  1778888685853  1778888700966
read      271.5   110.8    80.4   146.2   162.5   255.8   300.0   325.6   344.4   367.6   397.6   445.6   558.2   830.4  3315.4  30046.3    30047  1778888702481  1778888717591
read      269.9   114.8    80.4   150.7   167.0   253.7   294.6   318.6   337.2   359.8   389.7   436.2   550.8   913.4  3933.1  30088.0    30048  1778888719106  1778888734213
read      262.5   107.3    86.8   146.7   162.9   248.4   289.0   312.2   329.3   349.6   376.3   420.7   520.7   787.1  3322.6  30070.3    30049  1778888735730  1778888750842
read      275.9   115.7    80.4   150.2   166.9   259.3   303.2   328.7   347.4   370.9   401.1   452.4   577.4   940.5  3477.2  30033.2    30050  1778888752357  1778888767462
read      274.5   128.2    80.4   144.8   161.4   256.5   302.2   328.7   348.1   372.3   403.6   457.5   587.4  1186.8  4332.7  30122.3    30051  1778888768978  1778888784089
read      266.3   114.6    80.4   144.7   160.8   250.3   294.0   318.7   337.6   360.0   389.1   434.0   545.5   929.1  4092.8  30015.8    30052  1778888785604  1778888800708
read      263.2   106.9    80.4   144.2   160.0   247.8   291.2   315.6   334.0   356.0   384.7   429.6   534.9   756.5  3196.2  30034.4    30053  1778888802221  1778888817323
read      300.1   279.7    86.8   145.8   160.6   251.2   300.3   330.1   352.9   381.8   424.3   522.7  1265.5  3820.3  6351.6  30087.8    30054  1778888818837  1778888833936
read      298.4   284.7    86.8   141.6   154.9   237.0   286.7   318.5   344.5   380.0   438.8   613.3  1355.7  3716.0  6376.3  30142.2    30055  1778888835450  1778888850556
read      318.0   331.9    86.8   142.8   157.2   247.0   300.1   335.3   363.9   402.4   469.5   663.5  1636.7  4043.0  6443.1  30044.3    30056  1778888852073  1778888867182
read      285.1   273.8    86.8   140.6   153.3   234.5   282.5   311.5   333.7   361.5   401.2   501.4  1291.2  3694.0  6400.9  30069.3    30057  1778888868699  1778888883807
read      309.3   311.5    86.8   145.7   160.7   252.6   304.2   336.0   360.8   392.6   439.4   554.8  1466.0  4064.5  6434.3  30149.7    30058  1778888885321  1778888900426
read      289.4   269.4    86.8   142.4   156.7   240.2   287.8   316.6   338.6   366.6   405.3   502.1  1271.9  3621.5  6377.9  30147.3    30059  1778888901941  1778888917047
read      303.4   346.8    86.8   141.5   154.8   239.8   287.6   316.1   338.3   366.6   408.7   537.6  1775.7  4546.5  6412.0  30143.7    30060  1778888918562  1778888933668
read      468.8   784.1    86.8   154.2   172.6   289.6   351.2   393.2   428.6   478.9   559.6   770.2  4307.3  6356.2  8436.9  29977.9    30061  1778888935183  1778888950286
read      266.2   124.3    86.8   146.2   160.7   248.1   292.8   318.5   338.0   361.1   390.6   435.7   546.4  1077.1  4159.9  30069.0    30062  1778888951802  1778888966903
read      250.1   111.1    86.8   145.1   158.4   232.2   272.5   296.5   314.7   335.9   362.9   402.4   496.3   828.7  3907.0  30062.3    30063  1778888968418  1778888983525
read      267.6   116.8    86.8   146.8   161.9   249.5   294.8   320.9   340.6   363.9   393.5   438.4   547.9   974.0  3471.2  30040.6    30064  1778888985039  1778889000150
read      278.5   225.3    86.8   148.8   164.1   251.2   297.8   326.2   347.0   372.9   406.0   460.7   608.8  2990.3  8898.8  30098.7    30065  1778889001667  1778889016779
read      282.8   153.0    86.8   152.2   168.7   263.1   310.2   337.6   357.9   381.7   413.0   463.1   589.7  1263.2  5840.9  30047.9    30066  1778889018299  1778889033411
read      272.9   116.8    80.4   147.3   162.9   255.7   302.6   329.3   348.6   372.0   401.8   450.7   560.9   788.7  3989.3  29939.9    30067  1778889034927  1778889050044
read      277.8   220.5    86.8   150.8   167.1   258.3   302.8   328.5   347.0   370.5   400.3   449.5   568.3  1336.7  8435.9  30059.0    30068  1778889051566  1778889066690
read      276.0   124.7    80.4   150.0   166.6   258.6   303.9   330.0   349.0   372.4   402.2   451.8   567.7  1065.7  4396.7  30041.7    30069  1778889068213  1778889083354
read      278.8   270.3    93.8   149.3   163.6   251.6   296.1   321.0   339.8   362.4   392.3   442.0   620.6  4643.0  9734.1  30053.7    30070  1778889084872  1778889100013
read      285.4   234.0    86.8   150.2   165.7   261.2   309.1   336.2   356.3   380.0   411.2   463.3   610.3  3490.5  9253.1  30067.9    30071  1778889101535  1778889116651
read      284.6   204.2    86.8   152.4   168.6   262.2   308.7   335.2   354.8   377.8   408.2   460.3   604.9  2364.1  8328.0  30066.1    30072  1778889118174  1778889133331
read      288.0   152.7    86.8   152.5   168.2   264.0   313.0   341.5   363.0   389.1   425.2   489.1   677.7  1495.6  5129.0  30001.7    30073  1778889134864  1778889149996
read      293.0   142.2    86.8   158.7   175.4   274.8   320.8   347.0   367.2   391.4   424.1   477.5   616.4  1401.5  4904.0  30045.3    30074  1778889151518  1778889166629
read      312.8   264.7    86.8   156.0   174.6   278.0   329.6   359.7   382.3   410.8   453.4   535.4   865.8  3892.6  9023.9  30017.5    30075  1778889168150  1778889183315
read      339.4   333.0    86.8   158.2   176.2   286.4   345.6   382.7   411.7   451.7   512.7   636.9  1123.1  4947.3 10766.5  30156.9    30076  1778889184843  1778889199970
read      292.4   155.4    86.8   151.7   168.6   267.2   316.4   344.7   366.4   392.9   430.1   500.9   717.1  1852.2  4769.8  30084.9    30077  1778889201501  1778889216721
read      289.6   178.1    86.8   154.2   171.7   266.9   313.2   339.9   359.9   383.4   414.6   466.9   614.4  2555.4  5226.5  30099.9    30078  1778889218240  1778889233351
read      283.8   147.3    86.8   152.8   168.9   264.9   312.1   338.6   358.4   382.0   413.4   465.6   596.2  1234.4  5807.7  30066.7    30079  1778889234870  1778889249982
read      321.3   212.2    93.8   161.5   178.8   283.1   336.5   368.3   393.7   426.6   475.5   580.4   989.2  2616.7  6319.6  30092.3    30080  1778889251505  1778889266630
read      321.0   266.1    86.8   155.3   172.1   274.7   326.7   358.3   382.9   415.6   465.3   581.4  1267.0  3510.2  7661.8  30083.8    30081  1778889268160  1778889283285
read      311.5   225.5    93.8   158.3   175.3   278.3   330.3   360.9   384.1   413.1   456.0   539.8   873.7  2577.7  6975.4  30069.5    30082  1778889284810  1778889299939
read      317.1   253.6    93.8   161.2   178.3   283.3   335.8   366.8   390.6   420.6   463.3   544.5   823.7  3919.9  8584.1  30043.8    30083  1778889301462  1778889316581
read      307.1   154.3    86.8   158.7   176.8   281.4   333.5   364.1   387.4   416.7   458.6   534.1   729.1  1707.8  4674.6  30079.8    30084  1778889318103  1778889333239
read      289.6   130.1    93.8   161.0   177.4   270.7   316.1   342.4   362.4   386.3   418.3   469.5   608.7  1239.3  4362.9  30077.4    30085  1778889334758  1778889349866
read      292.6   180.7    86.8   154.8   172.6   271.6   319.4   346.6   367.6   392.6   425.6   480.3   628.9  1541.2  8043.9  30070.9    30086  1778889351383  1778889366521
read      280.7   137.8    93.8   160.4   175.2   262.8   306.4   331.2   349.0   371.0   399.7   447.2   575.0  1257.1  5184.6  30125.1    30087  1778889368047  1778889383162
read      281.7   111.7    93.8   158.5   174.3   266.3   311.1   336.5   355.2   377.0   405.7   453.5   557.5   831.7  3429.0  30100.5    30088  1778889384681  1778889399788
read      287.0   125.9    86.8   155.6   173.1   270.4   317.0   343.6   363.6   387.2   417.8   466.3   582.2   926.6  4306.5  30121.4    30089  1778889401305  1778889416413
read      300.8   130.1    86.8   159.8   177.8   281.1   332.1   361.9   384.0   410.0   444.8   500.5   628.8  1080.7  4186.2  30049.2    30090  1778889417932  1778889433037
read      297.2   160.6    80.4   151.6   169.8   272.6   324.3   354.9   377.6   405.3   444.6   509.7   690.6  1574.0  5916.5  30028.1    30091  1778889434556  1778889449668
read      280.3   118.4    86.8   153.3   169.5   264.3   310.0   336.0   355.2   377.8   407.9   456.4   568.1   973.0  4141.9  30075.4    30092  1778889451190  1778889466299
read      281.8   130.2    86.8   154.6   171.8   264.6   309.8   335.7   354.8   377.5   407.8   457.6   580.2  1028.9  4625.2  30076.0    30093  1778889467818  1778889482928
read      273.6   118.2    86.8   151.3   167.5   258.0   301.7   326.2   344.2   366.7   395.4   439.5   551.9   935.8  3930.8  30180.1    30094  1778889484444  1778889499558
read      277.4   117.3    93.8   155.9   172.0   260.9   304.5   329.5   347.5   370.3   399.8   447.2   563.3  1004.9  4089.5  30081.1    30095  1778889501079  1778889516187
read      272.0   115.5    86.8   151.4   166.9   256.4   300.3   324.8   343.1   365.6   394.4   437.7   543.9   825.0  3980.1  30083.1    30096  1778889517704  1778889532814
read      283.2   126.6    86.8   158.9   174.8   266.9   310.9   336.1   354.8   377.1   406.6   455.8   574.7   973.2  4261.6  30110.4    30097  1778889534331  1778889549454
read      285.0   126.6    86.8   156.3   173.4   267.1   313.3   339.6   359.5   383.2   414.2   464.1   590.4  1028.3  4351.0  30182.7    30098  1778889550973  1778889566078
read      269.0   113.4    86.8   148.6   163.3   253.2   297.3   322.0   340.6   363.1   392.3   436.3   545.8   805.2  3650.6  30084.2    30099  1778889567597  1778889582703
read      273.5   121.6    86.8   150.0   165.7   256.2   300.8   326.4   345.1   368.8   399.5   449.2   565.6   919.8  4060.7  30144.1    30100  1778889584218  1778889599328
read      384.7   606.3    86.8   155.9   175.4   294.5   366.1   414.2   454.4   508.5   596.5   778.4  1655.7  7809.8 23891.9  30064.8    30101  1778889600845  1778889616054
read      327.2   341.2    86.8   150.9   166.8   268.5   327.0   365.4   396.3   437.1   504.0   644.5  1159.8  4994.5 11165.6  30151.5    30102  1778889617587  1778889632832
read      295.2   168.1    86.8   152.0   168.5   265.9   316.0   345.9   369.9   399.4   441.7   522.7   765.4  1715.1  5687.5  29993.4    30103  1778889634353  1778889649465
read      287.3   150.8    86.8   149.8   165.3   259.8   309.2   338.6   361.4   389.8   429.3   503.3   737.2  1568.4  4439.1  30191.4    30104  1778889650982  1778889666084
read      294.8   169.2    86.8   151.2   166.4   259.6   311.8   343.2   368.2   399.6   445.0   537.4   850.7  1964.0  4772.7  30087.9    30105  1778889667602  1778889682705
read      276.6   123.7    86.8   150.7   166.3   258.0   304.3   330.7   350.2   373.8   404.6   457.7   585.7  1015.3  4182.1  30156.1    30106  1778889684223  1778889699341
read      281.1   137.8    86.8   152.8   168.9   258.7   304.5   331.2   350.9   374.9   408.7   467.0   660.5  1535.2  4343.0  30113.5    30107  1778889700860  1778889715966
read      275.8   121.6    86.8   151.2   166.9   259.3   304.8   330.3   348.5   371.4   401.2   449.9   563.7   866.8  4427.2  30101.1    30108  1778889717482  1778889732590
read      284.7   138.5    86.8   152.7   168.4   260.5   308.0   335.7   356.9   383.3   419.6   483.0   690.9  1550.9  3823.7  30146.1    30109  1778889734105  1778889749209
read      273.7   117.2    86.8   150.3   165.8   257.7   302.6   327.9   346.2   369.5   399.1   447.2   554.9   828.7  3880.8  30040.8    30110  1778889750725  1778889765830
read      275.4   123.3    86.8   149.3   164.5   258.8   305.1   331.1   350.1   373.3   403.5   452.8   563.3   882.6  4372.6  30043.3    30111  1778889767348  1778889782452
read      282.4   122.6    86.8   153.1   170.5   264.5   309.9   336.3   356.2   380.3   412.1   464.3   592.6  1024.5  3937.2  30152.4    30112  1778889783969  1778889799082
read      274.2   121.9    86.8   150.4   166.0   254.8   299.1   324.8   343.8   367.5   398.8   451.9   603.5  1304.8  3311.2  30074.4    30113  1778889800600  1778889815706
read      284.0   124.2    80.4   154.2   170.2   264.0   310.8   337.6   357.9   382.4   415.7   470.1   635.1  1250.0  3538.8  30092.8    30114  1778889817221  1778889832329
read      313.7   307.9    93.8   153.0   167.1   256.8   306.9   337.6   362.0   393.7   442.2   570.1  1419.1  4137.6  6424.1  30103.1    30115  1778889833846  1778889848956
read      335.0   393.0    93.8   149.7   162.7   249.4   301.7   334.9   362.2   400.3   469.9   735.8  2449.5  5034.9  6438.7  30091.6    30116  1778889850474  1778889865580
read      335.2   378.9    86.8   151.0   164.6   252.3   304.6   338.0   365.6   402.9   473.9   744.8  2353.1  4936.0  6446.7  30156.6    30117  1778889867095  1778889882208
read      379.6   448.2    93.8   152.7   168.4   273.5   336.0   379.2   417.6   473.6   582.7   874.0  2628.9  6038.2  7172.1  30118.5    30118  1778889883725  1778889898830
read      360.5   419.7    93.8   149.4   162.4   254.9   315.1   357.2   394.5   454.6   579.8   897.7  2472.5  5020.5  6968.2  30075.9    30119  1778889900346  1778889915454
read      456.7   546.1    93.8   151.0   167.1   289.1   382.9   466.1   549.1   674.0   865.3  1318.8  3026.8  6062.4  8041.6  30170.1    30120  1778889916976  1778889932083
read      359.6   414.1    93.8   148.7   161.7   252.8   315.6   360.7   400.9   466.6   596.5   902.3  2414.1  5087.7  6946.1  30114.7    30121  1778889933602  1778889948707
read      359.9   414.9    86.8   149.4   163.4   259.2   319.7   361.6   397.3   452.0   565.6   867.3  2465.5  5086.4  7133.6  30096.8    30122  1778889950226  1778889965336
read      337.6   406.6    93.8   148.8   161.9   248.7   302.3   337.0   365.5   404.5   478.4   739.0  2465.2  5642.7  7064.5  30093.6    30123  1778889966855  1778889981966
read      370.4   448.2    86.8   151.5   166.5   271.1   330.5   369.3   402.1   450.7   538.8   813.4  2657.1  6055.6  7478.4  30116.6    30124  1778889983482  1778889998592
read      354.0   449.9    93.8   151.7   166.4   263.1   319.3   355.7   385.5   427.2   498.7   700.0  2748.1  5985.2  7523.9  30192.6    30125  1778890000108  1778890015228
read      328.4   304.9    93.8   155.8   171.3   270.2   323.9   357.8   384.6   420.0   473.6   622.9  1364.6  4025.9  6453.9  30161.7    30126  1778890016748  1778890031852
read      360.6   372.3    93.8   155.4   171.2   276.3   336.0   375.5   410.5   462.4   561.4   808.2  1892.7  4661.6  6655.6  30079.4    30127  1778890033368  1778890048473
read      358.2   366.1    86.8   155.3   171.1   275.0   335.0   374.4   410.0   461.5   556.4   791.7  1886.0  4407.3  6452.6  30146.1    30128  1778890049991  1778890065101
read      309.3   271.8    86.8   155.1   171.1   264.3   313.7   343.2   366.5   395.9   437.9   532.4  1106.8  3801.2  6406.6  30123.4    30129  1778890066623  1778890081740
read      276.8   122.4    86.8   154.6   170.7   260.2   304.3   329.1   346.7   369.7   399.4   447.1   564.1   975.0  4617.1  30085.3    30130  1778890083256  1778890098364
read      284.7   133.9    86.8   157.0   173.2   269.1   315.6   341.3   360.6   383.2   412.3   459.0   567.5   907.5  3741.6  30146.4    30131  1778890099881  1778890114997
read      272.4   119.4    86.8   157.1   171.7   255.8   297.8   321.8   340.1   362.1   390.8   435.0   546.9   907.9  3976.7  30135.8    30132  1778890116513  1778890131619
read      275.9   128.1    86.8   154.8   171.7   257.4   300.0   324.7   343.6   367.4   398.4   449.7   578.3  1076.6  4341.7  30162.7    30133  1778890133133  1778890148238
read      285.4   142.2    86.8   152.3   168.6   263.6   311.2   338.4   359.2   384.5   419.4   478.0   655.4  1432.2  4220.2  30175.2    30134  1778890149753  1778890164859
read      273.3   117.6    86.8   151.1   165.7   256.6   302.5   328.0   346.1   369.5   399.3   446.3   550.5   892.7  3472.4  30043.9    30135  1778890166376  1778890181483
read      270.4   115.1    86.8   151.3   166.0   252.7   297.8   322.8   341.6   364.5   394.1   439.0   547.1   885.1  3765.7  30102.2    30136  1778890182998  1778890198103
read      267.0   115.7    86.8   151.4   166.1   250.8   293.5   317.2   335.1   356.5   384.9   429.4   533.8   821.5  4299.4  30139.0    30137  1778890199618  1778890214723
read      280.6   122.8    86.8   151.5   167.6   263.2   310.2   336.5   356.0   379.4   410.8   461.8   583.4  1093.7  3736.6  30131.8    30138  1778890216241  1778890231346
read      276.0   115.2    86.8   153.1   169.3   259.8   304.8   330.1   348.1   370.9   400.2   447.2   553.5   834.2  3670.8  30175.7    30139  1778890232863  1778890247970
read      272.3   112.5    86.8   155.2   170.3   256.7   299.2   323.2   341.4   363.3   391.5   435.1   539.5   828.1  3652.9  30127.9    30140  1778890249485  1778890264599
read      278.7   120.0    86.8   153.1   169.0   261.2   307.4   333.3   352.1   374.7   405.1   456.4   578.4  1049.1  4032.9  30189.5    30141  1778890266114  1778890281219
read      283.2   126.5    80.4   153.7   169.4   263.6   311.6   338.4   358.5   382.6   415.3   468.6   617.9  1200.5  4060.9  30118.4    30142  1778890282735  1778890297842
read      273.6   124.9    86.8   151.2   166.0   254.7   300.4   326.0   344.6   368.2   399.3   450.1   582.4  1092.4  4252.7  30143.6    30143  1778890299360  1778890314464
read      270.0   114.8    86.8   154.8   170.1   253.7   296.2   320.1   338.2   359.5   387.3   431.2   538.7   869.1  3803.4  30224.3    30144  1778890315981  1778890331089
read      276.2   122.8    86.8   151.3   167.1   257.5   303.2   328.9   347.3   371.0   401.5   453.3   593.4  1234.8  3312.0  30147.7    30145  1778890332605  1778890347711
read      270.7   109.2    86.8   151.7   167.1   255.7   299.0   323.2   341.2   363.0   391.5   434.5   537.5   748.8  3737.8  30101.5    30146  1778890349226  1778890364328
read      269.7   109.0    86.8   153.3   168.1   253.5   296.9   321.1   339.7   361.6   389.8   433.1   535.4   796.0  3599.2  30188.2    30147  1778890365844  1778890380945
read      274.5   115.1    86.8   152.6   168.4   259.1   304.1   328.8   346.1   368.3   396.8   441.1   544.2   844.4  3959.5  30153.0    30148  1778890382460  1778890397581
read      275.5   120.1    86.8   154.2   169.6   259.4   304.1   329.0   346.7   369.6   398.3   443.2   548.9   888.5  3996.2  30167.3    30149  1778890399100  1778890414211
read      280.8   117.2    86.8   155.9   172.6   264.2   309.5   334.8   353.4   375.4   405.0   455.3   571.7   920.0  4066.9  30146.3    30150  1778890415728  1778890430840
read      265.0   111.5    86.8   151.8   166.8   249.1   291.1   314.4   331.8   352.2   379.2   423.3   524.8   826.9  3991.4  30126.0    30151  1778890432355  1778890447463
read      277.9   115.9    86.8   151.5   167.0   260.6   307.3   333.5   352.6   375.8   407.1   458.3   582.5   893.9  3383.5  30098.7    30152  1778890448980  1778890464086
read      267.2   125.5    86.8   146.3   161.1   246.1   292.2   317.9   337.6   361.2   392.8   445.4   596.9  1165.2  4215.3  30098.5    30153  1778890465604  1778890480711
read      272.4   110.8    86.8   151.0   166.1   254.3   300.4   326.1   344.7   367.9   398.0   447.2   569.1   938.5  2912.6  30168.9    30154  1778890482228  1778890497332
read      274.4   125.6    86.8   151.7   167.2   256.3   301.5   327.0   345.6   369.3   399.6   449.7   573.0   963.0  4543.2  30178.8    30155  1778890498848  1778890513955
read      284.7   160.2    86.8   150.7   166.2   254.4   302.4   330.7   352.1   379.4   419.3   495.2   787.8  1963.8  4568.2  30151.5    30156  1778890515472  1778890530587
read      278.8   118.0    86.8   153.8   169.0   260.8   308.0   334.5   354.0   377.1   407.7   457.5   577.7   931.4  3486.5  30142.5    30157  1778890532104  1778890547213
read      275.7   116.6    86.8   150.1   164.9   259.7   306.8   332.7   351.6   374.5   404.5   453.0   556.8   788.9  3712.4  30157.7    30158  1778890548727  1778890563832
read      274.3   114.1    86.8   153.5   169.8   257.6   302.1   327.1   345.2   367.9   396.8   442.3   549.3   835.1  3709.6  30198.5    30159  1778890565347  1778890580454
read      257.7   100.7    86.8   149.9   163.6   242.3   284.6   307.7   323.9   343.7   369.4   408.7   497.7   686.3  3226.4  30176.0    30160  1778890581969  1778890597074
read      269.4   105.5    86.8   150.2   165.3   253.5   298.3   323.2   341.7   364.0   392.7   436.0   540.0   734.7  3203.5  30132.9    30161  1778890598589  1778890613695
read      274.7   116.9    86.8   154.1   169.7   259.8   304.2   328.3   345.4   367.0   394.7   436.6   542.5   948.7  4270.5  30188.1    30162  1778890615212  1778890630319
read      271.9   115.6    86.8   151.8   166.8   253.4   298.7   324.2   343.2   366.7   396.9   446.3   566.6   904.7  3593.9  30203.1    30163  1778890631834  1778890646936
read      275.0   114.7    86.8   151.4   167.4   257.9   303.3   329.0   347.4   370.8   400.6   450.0   566.1   881.8  3748.9  30190.3    30164  1778890648450  1778890663560
read      266.0   107.3    86.8   154.3   169.4   250.1   291.9   315.4   332.8   353.1   380.2   423.4   515.9   814.4  3277.8  30079.0    30165  1778890665076  1778890680185
read      267.3   108.5    86.8   149.4   164.4   251.8   296.4   320.8   339.2   361.2   389.3   431.7   528.3   705.4  3200.5  30127.3    30166  1778890681699  1778890696806
read      271.3   108.2    86.8   154.6   169.8   256.1   299.8   323.5   341.2   362.6   390.4   433.0   535.8   768.9  3353.8  30196.3    30167  1778890698321  1778890713425
read      272.1   112.4    86.8   153.7   168.9   256.0   300.1   324.3   342.3   364.5   393.2   436.9   543.1   820.1  3871.4  30206.1    30168  1778890714941  1778890730046
read      278.7   111.3    86.8   159.0   174.4   262.3   307.5   332.9   351.3   373.3   401.8   447.9   549.2   792.4  3861.5  30179.4    30169  1778890731563  1778890746673
read      279.0   132.0    86.8   151.2   167.3   261.5   308.0   334.2   353.5   376.7   407.3   457.8   574.8  1055.9  4632.8  30204.5    30170  1778890748188  1778890763302
read      272.0   116.2    86.8   148.5   164.2   255.5   302.1   327.6   346.0   368.9   398.1   443.5   543.5   808.1  3952.9  30199.0    30171  1778890764817  1778890779919
read      272.6   117.2    86.8   152.1   167.1   254.6   300.3   326.1   344.6   367.8   397.7   445.4   564.2   907.2  4057.2  30223.3    30172  1778890781434  1778890796544
read      267.8   119.8    86.8   152.8   167.3   249.3   292.8   317.1   335.3   357.0   385.8   432.1   553.9  1006.7  4461.6  30173.4    30173  1778890798060  1778890813169
read      274.7   133.6    86.8   150.1   165.2   256.6   303.0   329.1   347.7   371.4   401.5   450.1   559.4  1113.5  4868.1  30242.3    30174  1778890814685  1778890829796
read      273.2   113.8    93.8   154.0   170.0   256.8   300.9   325.6   343.6   365.9   394.9   439.8   544.5   803.3  4001.8  30209.2    30175  1778890831312  1778890846424
read      276.0   120.1    80.4   150.5   165.6   258.8   305.9   332.3   351.4   374.5   405.1   455.3   566.4   838.9  3808.1  30155.1    30176  1778890847940  1778890863055
read      273.5   110.8    86.8   153.1   168.6   257.7   302.7   328.0   346.1   368.7   397.4   441.6   541.2   747.8  3464.1  30156.6    30177  1778890864569  1778890879671
read      273.5   113.1    80.4   149.5   164.7   257.3   303.8   329.8   348.5   371.7   401.6   448.3   551.7   779.2  3363.2  30292.1    30178  1778890881190  1778890896299
read      263.4   109.2    86.8   145.8   160.3   246.8   292.2   316.9   335.4   357.3   385.9   430.4   535.1   781.6  3068.3  30179.7    30179  1778890897814  1778890912921
read      264.7   107.0    86.8   150.6   165.2   248.5   291.8   316.0   334.1   355.2   383.0   426.4   526.0   773.5  3564.5  30202.4    30180  1778890914435  1778890929549
read      272.4   112.0    86.8   151.1   166.0   255.2   301.4   327.0   345.4   368.4   397.9   444.0   554.6   891.4  3207.1  30132.9    30181  1778890931066  1778890946169
read      271.0   112.2    86.8   149.8   164.9   254.3   299.9   325.2   343.8   366.8   396.4   443.1   551.7   794.1  3505.4  30177.4    30182  1778890947686  1778890962793
read      269.6   108.7    86.8   150.4   164.8   253.4   298.9   324.0   342.6   365.2   394.1   437.1   541.9   775.6  2745.8  30236.8    30183  1778890964310  1778890979415
read      273.8   113.7    86.8   151.5   166.7   258.9   304.0   328.7   346.3   368.7   397.0   441.6   546.3   792.6  3701.3  30143.1    30184  1778890980930  1778890996034
read      269.3   123.5    86.8   148.8   163.5   250.9   296.5   321.4   340.7   363.8   393.8   440.3   557.3  1003.1  4250.7  30201.1    30185  1778890997550  1778891012670
read      270.7   111.1    86.8   151.9   166.8   254.0   299.4   324.3   342.8   365.4   394.3   438.1   541.0   780.4  3690.0  30101.4    30186  1778891014187  1778891029292
read      280.0   119.1    86.8   156.2   172.7   264.2   309.3   334.6   353.2   375.4   403.9   450.8   553.7   853.6  3891.5  30249.2    30187  1778891030807  1778891045912
read      268.7   116.6    93.8   149.4   164.5   252.0   297.0   321.7   340.3   362.6   391.5   435.7   541.9   790.6  3855.4  30200.9    30188  1778891047426  1778891062537
read      267.4   108.9    86.8   148.3   163.2   251.1   296.2   320.6   339.4   361.8   391.2   435.7   539.2   746.2  3449.0  30194.4    30189  1778891064053  1778891079163
read      266.9   104.5    86.8   148.9   164.0   251.4   295.8   320.1   338.4   360.3   388.7   432.0   533.4   732.3  3008.0  30198.8    30190  1778891080678  1778891095784
read      268.3   121.9    86.8   149.6   164.3   252.0   296.7   320.8   339.3   361.3   390.1   434.2   540.6   803.7  4322.3  30151.1    30191  1778891097299  1778891112415
read      274.7   128.7    86.8   153.8   169.5   257.0   301.3   326.2   344.6   367.4   396.7   443.8   566.7  1142.4  3753.7  30194.3    30192  1778891113931  1778891129036
read      276.2   108.5    86.8   157.7   173.3   260.7   304.8   329.3   346.6   368.8   397.0   439.9   542.7   867.1  3482.3  30195.1    30193  1778891130549  1778891145653
read      271.3   116.0    80.4   150.9   166.6   254.4   298.4   323.1   341.9   364.9   394.7   441.2   548.7   863.7  3898.4  30197.7    30194  1778891147168  1778891162276
read      261.1   103.6    86.8   148.8   163.3   244.8   287.6   311.7   329.2   349.9   377.7   422.0   520.5   737.8  3173.0  30142.0    30195  1778891163791  1778891178895
read      265.2   109.3    86.8   151.7   165.9   249.4   292.9   316.7   334.5   355.3   382.7   426.2   520.3   728.5  3592.0  30183.1    30196  1778891180409  1778891195520
read      269.2   107.2    86.8   149.3   163.9   252.8   298.5   323.8   342.4   365.3   394.6   439.1   542.8   784.2  2971.8  30252.2    30197  1778891197034  1778891212141
read      275.1   112.8    86.8   152.9   168.1   258.7   304.9   330.7   349.3   371.9   400.9   447.3   550.6   787.1  3639.5  30224.5    30198  1778891213657  1778891228765
read      268.2   111.0    86.8   151.3   166.1   251.9   296.1   320.3   338.8   360.9   389.7   433.5   534.6   756.7  3596.0  30154.7    30199  1778891230280  1778891245382
read      270.5   114.4    86.8   150.5   166.2   254.0   297.6   321.9   341.0   363.8   393.1   437.1   544.8   864.1  3585.0  30200.7    30200  1778891246896  1778891262004
read      268.4   112.7    86.8   150.6   165.9   252.4   296.5   320.8   339.3   361.3   389.6   432.5   534.0   742.6  3763.4  30174.2    30201  1778891263520  1778891278626
read      269.0   113.1    86.8   151.5   165.9   251.2   296.0   320.8   339.8   362.7   392.4   437.2   546.8   856.5  3477.1  30281.0    30202  1778891280141  1778891295248
read      272.0   116.0    86.8   151.7   166.7   255.5   300.7   325.7   344.1   366.8   395.5   438.6   544.2   821.7  3843.0  30203.5    30203  1778891296764  1778891311878
read      270.0   112.4    93.8   154.7   169.6   253.6   297.2   321.5   339.8   361.6   389.5   432.4   535.6   744.3  3660.5  30261.4    30204  1778891313400  1778891328503
read      279.9   113.4    86.8   155.0   171.2   264.3   310.4   336.0   354.7   376.6   404.7   452.4   555.9   807.6  3613.6  30106.5    30205  1778891330016  1778891345125
read      274.4   114.0    86.8   154.7   170.7   259.5   302.8   326.7   344.2   366.0   394.0   436.7   540.1   865.6  3649.7  30102.5    30206  1778891346641  1778891361757
read      266.7   109.4    80.4   152.3   166.8   250.1   294.0   318.2   336.5   358.1   385.9   428.6   527.6   754.7  4109.6  30167.3    30207  1778891363272  1778891378386
read      268.7   109.2    86.8   151.1   165.3   252.4   297.4   322.0   340.7   362.9   391.5   435.3   536.6   742.6  3483.4  30208.1    30208  1778891379903  1778891395008
read      292.2   182.7    93.8   152.7   168.4   262.8   312.3   340.6   362.3   388.7   424.4   489.8   785.5  2646.1  5702.8  30278.7    30209  1778891396522  1778891411636
read      288.3   310.7    93.8   146.2   157.9   232.2   277.8   304.8   324.9   350.6   389.0   480.6  1487.8  4220.4  6411.0  30243.2    30210  1778891413151  1778891428259
read      293.5   282.9    86.8   148.8   161.5   244.7   292.2   319.3   340.5   367.2   404.1   492.6  1297.3  3837.3  6394.2  30222.5    30211  1778891429778  1778891444884
read      293.4   283.3    93.8   149.4   162.3   243.1   290.7   318.5   340.2   367.4   404.6   492.2  1348.1  3764.8  6414.7  30292.3    30212  1778891446400  1778891461518
read      285.3   280.4    93.8   146.7   158.7   235.6   282.2   309.1   329.4   355.0   391.4   468.2  1306.0  3783.3  6403.4  30353.0    30213  1778891463033  1778891478154
read      283.5   278.5    86.8   144.4   156.9   235.2   282.4   309.2   329.4   354.8   391.4   468.1  1226.3  3765.6  6446.8  30190.9    30214  1778891479668  1778891494780
read      279.8   265.7    93.8   147.1   159.1   232.1   276.7   303.3   323.0   347.6   383.8   458.7  1206.9  3670.1  6376.2  30179.1    30215  1778891496295  1778891511400
read      279.5   231.5    93.8   148.8   161.4   242.1   288.9   315.3   335.6   360.6   394.5   456.4   927.7  3534.5  6357.1  30176.9    30216  1778891512915  1778891528026
read      257.5   106.5    86.8   151.3   164.0   238.8   282.3   306.7   324.2   345.3   372.7   415.7   506.2   746.0  3535.1  30137.0    30217  1778891529542  1778891544647
read      259.8   119.1    93.8   150.7   163.9   241.1   284.7   309.1   326.8   347.8   375.4   418.8   508.8   961.6  4524.4  30146.0    30218  1778891546162  1778891561267
read      263.0   112.7    86.8   150.2   163.8   245.7   290.4   315.2   333.8   355.7   383.8   426.7   517.0   727.3  3353.3  30251.9    30219  1778891562782  1778891577887
read      257.5   105.3    86.8   149.7   162.5   238.8   283.2   308.1   325.8   346.9   374.1   418.3   508.7   737.9  3397.8  30208.6    30220  1778891579403  1778891594510
read      262.3   111.5    93.8   150.8   164.4   244.7   288.9   313.6   331.8   353.3   380.8   423.6   510.2   816.3  4052.8  30207.3    30221  1778891596026  1778891611132
read      269.1   141.4    86.8   153.6   168.3   252.1   295.6   319.5   337.5   358.7   385.8   427.8   526.9  1035.2  5526.7  30186.0    30222  1778891612646  1778891627759
read      268.0   141.8    80.4   150.0   164.5   250.0   294.4   318.7   337.0   358.7   386.9   431.0   539.1  1119.9  6060.4  30248.6    30223  1778891629280  1778891644434
read      264.6   129.4    86.8   152.0   166.6   246.6   289.2   313.0   330.5   351.0   378.3   422.6   527.8  1209.5  5224.7  30245.6    30224  1778891645956  1778891661092
read      272.1   118.9    86.8   152.8   168.1   256.5   300.7   324.8   342.6   364.2   392.2   435.0   537.5   905.7  4335.0  30198.7    30225  1778891662609  1778891677726
read      279.4   161.6    86.8   152.9   168.9   260.7   307.0   332.9   351.5   373.9   403.4   452.0   566.9  1237.8  6877.6  30202.0    30226  1778891679245  1778891694364
read      269.8   183.9    86.8   152.0   166.5   250.0   293.4   317.4   335.4   356.7   385.1   431.3   547.3  1486.6  7339.0  30239.4    30227  1778891695892  1778891711003
read      274.3   144.7    86.8   152.2   167.0   254.0   299.4   324.7   343.4   366.4   396.3   445.7   586.8  1579.7  5742.1  30226.6    30228  1778891712520  1778891727630
read      267.3   114.6    86.8   148.5   163.8   250.3   294.5   319.2   337.7   359.7   388.7   434.3   545.7   919.0  4014.8  30212.7    30229  1778891729145  1778891744253
read      285.6   143.8    80.4   149.1   165.4   258.6   309.2   338.8   361.5   389.7   428.5   497.5   712.7  1503.2  4159.3  30204.2    30230  1778891745774  1778891760889
read      269.6   122.7    86.8   148.1   162.3   248.9   295.4   321.2   341.0   365.3   397.4   451.3   590.5  1081.2  4131.5  30283.3    30231  1778891762407  1778891777517
read      273.8   118.6    86.8   153.5   169.2   256.3   300.3   325.2   343.5   366.0   395.3   442.5   569.8  1022.8  4041.0  30213.7    30232  1778891779032  1778891794142
read      261.7   105.1    93.8   150.5   164.3   246.0   288.7   312.1   329.2   349.3   375.5   418.3   509.4   735.9  3425.3  30193.5    30233  1778891795661  1778891810769
read      267.3   132.2    86.8   148.6   162.9   248.9   293.5   318.2   336.9   359.3   389.2   436.7   556.6  1005.7  4179.9  30230.5    30234  1778891812283  1778891827393
read      275.5   117.6    86.8   153.2   168.2   255.6   301.9   328.3   347.1   371.1   402.2   454.6   586.7  1091.8  3416.8  30194.8    30235  1778891828918  1778891844033
read      278.3   126.1    86.8   152.7   168.0   257.5   304.7   331.5   351.2   374.6   407.1   462.3   614.7  1158.6  3868.2  30278.7    30236  1778891845550  1778891860655
read      284.9   283.7    93.8   149.3   161.1   233.3   278.1   305.0   325.0   350.3   388.1   474.6  1247.7  3807.9  6419.1  30237.0    30237  1778891862170  1778891877280
read      296.5   278.1    93.8   149.6   163.1   248.2   295.5   322.9   344.2   371.4   411.1   500.5  1322.4  3721.4  6381.4  30329.8    30238  1778891878794  1778891893905
read      277.3   257.4    86.8   147.3   158.8   231.2   274.7   300.6   319.6   343.6   377.8   456.0  1170.5  3667.0  6346.5  30254.1    30239  1778891895419  1778891910529
read      282.5   278.0    86.8   147.0   159.1   234.3   278.5   304.4   323.3   347.4   383.8   462.8  1248.4  3824.3  6417.5  30320.6    30240  1778891912045  1778891927153
read      278.5   259.9    86.8   144.9   157.6   232.3   276.3   302.9   322.3   346.8   382.1   458.0  1145.0  3688.1  6313.8  30217.7    30241  1778891928668  1778891943775
read      271.8   255.1    93.8   144.9   156.4   226.4   268.8   294.4   313.8   337.8   371.2   447.6  1114.1  3613.7  6370.1  30162.1    30242  1778891945288  1778891960393
read      389.3   570.5    86.8   150.0   164.5   267.0   329.7   369.1   402.2   455.2   556.7   774.4  4109.6  6142.6  7532.1  30183.6    30243  1778891961909  1778891977021
read      264.4   118.3    93.8   152.3   166.2   245.0   289.3   314.6   333.3   355.5   384.4   428.6   528.6   875.2  4037.8  30373.3    30244  1778891978539  1778891993656
read      256.7   148.3    93.8   151.1   163.7   234.9   277.4   302.2   319.6   341.0   367.9   408.1   505.4  1323.2  6194.8  30231.6    30245  1778891995173  1778892010294
read      269.9   172.6    86.8   150.2   164.2   247.8   294.4   320.0   339.4   362.4   392.2   437.7   550.7  1711.3  6695.0  30267.7    30246  1778892011817  1778892026931
read      264.8   117.5    86.8   149.1   162.7   247.0   292.4   317.3   336.0   358.1   386.7   431.1   532.9   934.6  4155.2  30289.5    30247  1778892028449  1778892043554
read      256.4   110.1    93.8   149.7   162.5   236.9   280.8   305.7   323.4   345.0   372.6   416.2   508.7   776.3  3363.9  30264.1    30248  1778892045069  1778892060178
