#type       avg     std     min      p5     p10     p50     p67     p75     p80     p85     p90     p95     p99    p999   p9999      QPS   target       ts_start         ts_end
read      303.2   316.8    93.8   154.0   168.5   245.9   286.7   313.5   336.7   370.5   433.3   583.6  1315.7  4985.3  9190.3  29918.4    30000  1777805803999  1777805814151
read      393.2   505.6    93.8   159.5   175.8   270.4   329.2   379.1   430.9   512.9   660.4   960.3  2397.6  6680.7 11126.1  30044.4    30005  1777805815670  1777805825809
read      496.0   623.0   101.3   168.6   187.6   309.6   398.9   481.4   567.6   706.2   934.8  1465.5  3162.0  7195.4 11186.2  29939.8    30010  1777805827334  1777805837436
read      410.6   442.4    93.8   163.5   182.2   293.0   359.0   410.2   459.4   533.5   672.5  1050.4  2550.3  5043.3  6979.5  29955.3    30015  1777805838952  1777805849056
read      368.4   412.7   101.3   154.0   168.8   258.3   311.9   351.8   391.6   459.2   604.8  1020.6  2256.5  5008.2  7653.0  30063.8    30020  1777805850581  1777805860687
read      365.4   408.0    93.8   154.1   168.7   256.8   308.5   344.7   379.4   436.8   581.0  1034.5  2286.7  4556.1  6434.8  30004.7    30025  1777805862205  1777805872315
read      346.6   381.7    93.8   152.4   166.0   249.1   296.9   331.4   363.8   420.0   553.5   918.5  2170.2  4248.7  6669.0  30184.3    30030  1777805873833  1777805883945
read      379.3   421.3   101.3   165.7   181.4   276.9   330.3   368.0   401.6   455.2   561.4   927.3  2424.5  5042.1  7348.4  30066.0    30035  1777805885468  1777805895575
read      374.9   422.6   101.3   161.2   176.6   274.9   328.7   366.2   399.8   453.7   563.8   914.9  2343.5  5194.9  8172.0  30041.4    30040  1777805897092  1777805907198
read      366.1   415.5   101.3   159.3   174.1   267.8   319.7   357.4   391.0   445.6   566.8   890.3  2283.4  5560.0  8696.2  30023.1    30045  1777805908720  1777805918836
read      372.5   440.9   101.3   161.4   176.6   268.0   319.1   357.1   391.2   446.0   569.7   925.8  2341.5  5903.1  9954.2  30080.8    30050  1777805920363  1777805930476
read      373.5   405.2   101.3   163.6   179.4   275.5   329.0   367.1   400.9   456.9   574.8   919.6  2272.8  4983.2  8054.6  30084.2    30055  1777805931995  1777805942103
read      399.8   426.1   101.3   165.8   183.2   291.9   351.0   394.0   433.9   500.2   632.8  1009.4  2435.6  4911.7  6441.2  29993.6    30060  1777805943624  1777805953732
read      393.6   432.8    93.8   165.9   182.6   285.9   343.4   384.4   422.0   482.5   611.3   983.6  2442.3  5045.6  7655.3  30052.2    30065  1777805955251  1777805965353
read      412.7   443.5   101.3   169.2   188.4   304.2   368.1   413.8   455.8   520.1   639.6  1001.9  2507.6  5523.5  7666.3  30039.3    30070  1777805966870  1777805976979
read      365.5   382.2   101.3   163.1   178.4   274.6   328.7   365.6   397.3   444.8   543.5   860.9  2281.9  4704.3  6436.5  30031.5    30075  1777805978497  1777805988604
read      385.3   391.1    93.8   167.9   185.7   293.3   350.4   389.8   423.3   472.3   573.2   886.7  2312.6  4763.1  7405.4  30046.9    30080  1777805990120  1777806000234
read      564.1   719.5   101.3   174.6   195.3   338.8   448.2   551.7   662.4   828.7  1099.9  1820.3  3568.3  7614.6 11700.9  30120.5    30085  1777806001760  1777806011892
read      496.6   638.1   101.3   169.2   188.8   316.1   400.9   474.9   554.6   686.6   911.7  1421.0  3181.8  7685.7 11314.8  30092.4    30090  1777806013415  1777806023524
read      395.6   402.9   101.3   166.6   185.1   296.4   357.8   399.9   438.3   500.2   620.9   937.2  2340.9  4799.9  6896.1  30109.8    30095  1777806025046  1777806035157
read      390.1   415.8   101.3   163.8   179.9   282.2   341.2   383.9   423.1   487.3   631.3   995.1  2393.8  4786.1  6426.1  30045.7    30100  1777806036677  1777806046783
read      418.9   571.3    93.8   161.6   177.0   280.1   340.6   385.7   429.4   512.5   698.1  1113.5  2894.2  7216.5 11071.7  30078.7    30105  1777806048304  1777806058412
read      455.9   529.0   101.3   168.7   187.8   310.5   384.0   443.0   506.3   615.0   811.4  1243.3  2779.0  6177.3 10252.6  30010.3    30110  1777806059928  1777806070042
read      352.8   372.2    93.8   154.2   170.3   269.7   321.2   356.2   386.3   431.9   528.2   782.4  2235.2  4234.3  7218.7  30101.8    30115  1777806071563  1777806081669
read      286.6   218.1    93.8   151.6   165.4   246.5   289.4   315.0   335.4   362.3   403.5   512.7  1012.8  2842.5  6089.2  30210.0    30120  1777806083187  1777806093294
read      286.7   224.8    93.8   150.3   164.6   250.4   294.2   319.8   340.4   367.2   406.9   503.6   932.1  2848.0  7345.6  30098.4    30125  1777806094814  1777806104937
read      295.1   270.1    93.8   147.3   161.3   245.9   291.1   318.1   340.7   371.1   421.8   549.5  1197.2  3679.4  7855.0  30127.4    30130  1777806106460  1777806116585
read      289.6   224.6    93.8   149.4   163.2   250.7   295.7   321.8   342.3   369.0   410.4   516.3  1004.5  2965.7  6955.0  30222.1    30135  1777806118107  1777806128217
read      411.9   435.1   101.3   167.8   186.6   303.5   368.0   412.9   453.9   518.6   659.1  1029.5  2448.9  5133.8  7959.8  30165.1    30140  1777806129734  1777806139842
read      398.9   439.8   101.3   162.8   180.2   290.6   352.8   396.2   434.1   496.6   625.0   979.2  2519.6  5336.8  7532.8  30135.6    30145  1777806141359  1777806151465
read      365.9   397.1   101.3   152.4   166.6   261.4   316.8   354.7   388.9   444.5   598.8  1010.5  2290.7  4404.7  6781.4  30141.3    30150  1777806152985  1777806163092
read      375.2   411.4   101.3   155.7   170.9   268.9   324.4   363.8   398.8   457.5   605.8  1017.3  2322.6  4847.4  7532.2  30124.2    30155  1777806164611  1777806174720
read      382.8   415.7   101.3   158.3   174.7   280.6   338.2   376.6   412.1   466.5   598.3  1010.2  2318.9  4990.4  7389.8  30198.5    30160  1777806176240  1777806186350
read      352.3   390.4   101.3   158.3   172.6   263.7   315.7   348.9   376.6   416.5   489.8   822.0  2316.8  4907.4  6958.5  30151.1    30165  1777806187872  1777806197986
read      342.4   356.6    93.8   158.5   172.8   261.8   313.1   345.7   373.0   411.3   477.5   766.1  2230.4  4127.3  6571.0  30087.1    30170  1777806199505  1777806209615
read      354.2   371.3   101.3   161.9   176.8   273.1   326.4   360.4   387.5   424.8   490.3   767.5  2291.2  4160.9  7210.2  30177.4    30175  1777806211133  1777806221240
read      360.4   377.4   101.3   161.7   177.1   274.5   329.0   364.2   393.1   433.5   510.1   819.1  2301.2  3785.4  6447.3  30242.2    30180  1777806222758  1777806232862
read      345.9   365.7   101.3   159.5   173.8   264.4   315.4   347.6   374.3   411.9   477.7   778.5  2251.9  4122.2  7117.0  30265.0    30185  1777806234381  1777806244497
read      326.3   343.0    93.8   154.6   168.0   251.2   298.2   328.5   352.6   386.1   443.4   730.6  2179.2  3621.7  6412.5  30198.6    30190  1777806246014  1777806256141
read      346.5   365.6    93.8   157.6   172.8   267.3   319.3   351.8   377.4   413.4   474.7   738.1  2280.7  4261.2  6424.7  30212.0    30195  1777806257657  1777806267764
read      347.5   371.5    93.8   155.1   170.1   264.9   317.7   351.1   378.5   417.5   486.0   763.8  2271.0  4086.7  6530.6  30193.7    30200  1777806269280  1777806279382
read      360.1   377.9   101.3   162.1   177.7   276.1   330.7   365.6   394.5   433.8   507.4   779.5  2294.7  4871.9  6434.0  30137.8    30205  1777806280900  1777806291009
read      354.2   372.9   101.3   160.2   175.3   271.4   323.8   357.6   385.3   423.4   491.9   781.4  2300.4  4163.9  6419.9  30205.2    30210  1777806292530  1777806302640
read      348.1   368.0   101.3   159.9   174.3   265.6   316.4   348.7   375.7   414.5   482.7   784.0  2266.4  4115.2  6963.9  30218.9    30215  1777806304157  1777806314262
read      385.3   437.8    93.8   165.9   183.4   291.8   349.7   388.2   420.3   466.0   557.9   859.8  2351.0  6081.5 10654.1  30219.4    30220  1777806315780  1777806325936
read      372.8   483.1   101.3   162.1   177.4   276.6   331.9   367.8   397.4   439.2   523.2   834.7  2354.6  7779.1 11011.3  30263.3    30225  1777806327457  1777806337730
read      392.2   484.8   101.3   164.8   182.0   290.2   349.8   390.4   424.7   474.1   574.2   899.7  2380.0  7148.3 11950.2  30171.5    30230  1777806339249  1777806349511
read      371.2   389.0   101.3   163.5   180.2   285.4   340.8   376.5   406.2   449.4   527.9   816.3  2305.9  4875.3  6766.1  30280.0    30235  1777806351029  1777806361134
read      357.0   382.8   101.3   161.0   176.3   273.9   326.4   360.7   388.7   427.6   498.9   779.6  2285.7  4785.7  7442.4  30184.8    30240  1777806362653  1777806372772
read      312.8   303.2    93.8   156.6   171.6   260.9   305.2   331.8   352.5   379.9   421.7   514.1  1884.2  3485.9  6375.5  30283.4    30245  1777806374292  1777806384399
read      261.8   127.6    93.8   150.0   163.7   244.4   283.1   305.0   320.5   341.0   369.0   417.5   582.6  1409.1  4429.1  30276.3    30250  1777806385919  1777806396048
read      256.9   117.7    93.8   146.5   160.0   240.1   279.7   301.7   317.6   337.7   364.8   409.2   555.7  1299.0  3759.1  30273.0    30255  1777806397574  1777806407684
read      258.5   135.8    93.8   150.4   163.3   239.3   278.6   301.2   317.7   338.4   366.6   413.5   559.5  1308.4  4782.5  30208.3    30260  1777806409202  1777806419312
read      269.6   159.8    93.8   151.2   165.7   252.1   292.8   315.2   332.0   351.9   379.6   427.7   581.1  1574.6  5817.7  30231.1    30265  1777806420834  1777806430949
read      377.4   411.6   101.3   165.2   181.8   284.1   337.3   371.8   401.2   444.7   532.1   879.9  2371.3  4992.1  6433.1  30236.5    30270  1777806432467  1777806442574
read      333.7   363.4    93.8   154.5   168.0   250.7   296.3   326.4   351.1   387.0   457.1   816.4  2170.9  4807.8  6452.9  30186.7    30275  1777806444094  1777806454202
read      355.2   385.9   101.3   154.2   168.5   257.7   307.9   341.4   371.5   419.7   546.7   946.4  2236.8  4310.5  6451.1  30278.6    30280  1777806455720  1777806465832
read      425.7   464.8   101.3   166.5   184.8   297.1   362.2   411.5   459.9   547.4   732.7  1171.1  2570.1  5069.8  6969.9  30251.4    30285  1777806467354  1777806477460
read      366.5   405.5   101.3   157.6   173.0   269.8   320.9   356.3   387.2   433.9   545.0   935.9  2289.2  4964.1  6786.5  30298.2    30290  1777806478982  1777806489088
read      351.8   404.0    93.8   158.3   172.8   261.5   311.6   343.8   371.9   412.4   492.1   831.3  2300.3  5069.9  9585.2  30275.8    30295  1777806490607  1777806500710
read      369.3   375.1   101.3   166.1   183.0   284.5   337.4   372.3   402.4   446.7   530.4   817.6  2273.3  4253.4  6456.3  30216.3    30300  1777806502227  1777806512342
read      368.4   367.2   101.3   164.4   181.2   284.5   338.8   374.2   404.8   451.8   541.2   835.5  2238.8  4303.1  6437.3  30272.7    30305  1777806513859  1777806523963
read      356.5   360.9   101.3   163.9   179.6   276.6   327.8   360.5   387.3   425.2   497.6   789.6  2253.5  3930.1  6427.1  30325.7    30310  1777806525481  1777806535589
read      359.3   367.9   101.3   165.6   181.4   278.5   330.2   364.4   392.8   432.3   505.5   777.6  2254.1  4087.7  7403.6  30376.7    30315  1777806537105  1777806547213
read      371.7   386.8   101.3   165.9   182.8   284.4   338.5   373.7   404.0   450.8   539.9   840.5  2283.0  4874.4  7562.3  30307.9    30320  1777806548732  1777806558841
read      338.6   378.0   101.3   159.3   173.0   259.7   306.5   336.3   361.1   394.9   457.1   738.2  2240.1  4890.2  9001.8  30398.5    30325  1777806560363  1777806570475
read      357.5   367.4    93.8   162.6   178.3   275.0   326.1   360.5   390.3   432.6   512.3   792.2  2242.7  4097.7  6445.9  30396.0    30330  1777806571992  1777806582096
read      376.1   404.5    93.8   166.2   182.5   281.7   335.8   372.0   403.0   451.3   548.1   886.7  2331.6  4967.8  6621.7  30446.4    30335  1777806583616  1777806593725
read      387.9   402.4   101.3   167.9   185.7   293.1   350.7   390.4   424.0   472.9   574.7   898.3  2351.3  4846.5  7082.5  30315.3    30340  1777806595243  1777806605348
read      361.2   369.9   101.3   165.1   180.8   276.7   328.6   363.1   392.0   432.8   513.3   821.6  2267.8  4260.1  6434.0  30253.4    30345  1777806606869  1777806616985
read      387.1   416.5   101.3   167.0   184.4   292.3   348.6   387.1   419.8   467.5   565.5   897.0  2354.5  5116.7  7818.5  30318.6    30350  1777806618513  1777806628623
read      360.3   387.9   101.3   161.0   176.1   272.3   324.2   359.2   388.6   431.2   517.5   834.7  2289.8  4865.0  8057.5  30219.1    30355  1777806630138  1777806640245
read      425.4   455.5    93.8   171.8   190.4   306.0   373.4   425.7   473.8   554.9   705.3  1076.5  2557.5  5424.0  8228.0  30360.5    30360  1777806641762  1777806651875
read      370.4   399.3   101.3   163.7   179.2   274.8   328.3   365.5   398.4   449.3   558.2   893.2  2310.4  4883.2  7718.0  30382.5    30365  1777806653396  1777806663506
read      366.4   387.4   101.3   162.4   178.5   279.9   333.5   368.6   397.9   439.2   520.1   822.6  2305.7  4821.4  6950.7  30317.5    30370  1777806665025  1777806675135
read      299.8   284.6    93.8   155.4   169.3   251.4   293.5   318.6   338.9   365.2   402.3   486.3  1459.5  3381.2  6415.1  30315.9    30375  1777806676654  1777806686769
read      253.1   166.8    93.8   146.3   159.0   232.3   271.0   293.1   309.8   329.9   357.6   403.3   551.5  1646.1  7452.4  30351.6    30380  1777806688288  1777806698393
read      275.0   148.2    93.8   153.9   168.6   251.9   292.2   315.3   333.3   355.8   388.5   450.4   686.8  2055.3  4537.4  30415.4    30385  1777806699911  1777806710020
read      278.8   152.4    93.8   153.8   168.2   254.9   296.5   320.6   339.8   364.0   398.1   463.9   714.7  1825.6  4632.0  30330.9    30390  1777806711539  1777806721648
read      268.3   148.0    93.8   150.7   164.6   246.2   286.8   310.2   327.6   348.9   381.3   438.7   648.3  1736.4  5186.3  30442.0    30395  1777806723165  1777806733272
read      289.2   210.0    93.8   148.4   162.5   248.5   292.4   318.8   340.9   371.0   420.8   546.0  1040.9  2489.9  6084.6  30374.3    30400  1777806734790  1777806744893
read      305.8   268.3    93.8   149.5   163.9   254.5   300.2   329.0   352.5   386.9   447.0   603.0  1250.4  3631.8  7002.6  30559.8    30405  1777806746411  1777806756525
read      283.1   198.9    93.8   147.8   161.3   243.6   287.8   315.2   337.8   368.5   417.6   527.5   936.1  2547.5  5258.1  30427.3    30410  1777806758047  1777806768152
read      326.0   343.3    93.8   153.0   167.7   255.8   302.4   334.0   362.1   402.9   482.2   685.6  1669.0  4861.9  8647.4  30414.2    30415  1777806769674  1777806779781
read      340.0   341.6    86.8   149.9   165.7   261.4   313.3   349.1   384.2   438.0   543.8   779.5  1750.5  4264.6  8897.8  30388.5    30420  1777806781300  1777806791406
read      331.5   317.5    93.8   156.0   171.4   262.0   310.1   342.7   372.3   418.1   505.1   720.4  1634.7  3901.0  9187.4  30482.0    30425  1777806792927  1777806803035
read      266.5   129.2    86.8   152.3   165.9   247.4   287.8   310.7   327.4   347.2   376.1   428.2   615.3  1454.4  4447.7  30427.4    30430  1777806804551  1777806814654
