#type       avg     std     min      p5     p10     p50     p67     p75     p80     p85     p90     p95     p99    p999   p9999      QPS   target       ts_start         ts_end
read      237.4    93.0   101.3   159.2   171.7   227.4   250.8   264.2   273.1   287.3   306.2   336.9   423.0  1327.5  3363.3   4930.0     5000  1778081246668  1778081248928
read      263.6    70.9    93.8   159.5   177.0   260.6   290.0   305.6   316.3   330.4   347.3   382.5   461.3   609.9  1017.7  15083.0    15000  1778081250433  1778081252676
read      257.4    78.6    80.4   144.0   161.2   255.3   288.6   305.8   317.4   332.3   350.4   386.3   459.7   600.7  1387.5  24881.5    25000  1778081254181  1778081256382
read      271.0    91.8    80.4   139.8   155.8   268.0   309.8   330.9   345.0   364.9   391.1   429.2   506.7   638.0  1283.9  34935.5    35000  1778081257887  1778081260090
read      259.0    99.0    80.4   129.7   144.6   250.3   296.8   320.2   337.1   358.3   387.6   428.3   503.7   654.7  1999.8  44822.7    45000  1778081261595  1778081263799
read      263.5   106.4    80.4   128.3   142.6   248.2   301.8   329.1   347.4   375.8   411.4   459.4   548.5   716.0  1018.8  55033.5    55000  1778081265303  1778081267504
read      266.3   115.1    80.4   126.6   140.7   245.6   302.0   331.9   355.8   388.3   428.1   486.3   590.6   770.6  1192.6  64781.0    65000  1778081269010  1778081271211
read      273.8   146.4    80.4   126.0   140.1   243.4   303.4   337.1   365.8   403.9   453.7   527.3   681.9   934.3  4179.7  75066.4    75000  1778081272716  1778081274919
read      268.2   139.0    74.4   124.1   137.5   230.7   291.6   327.5   359.0   401.4   457.8   541.9   727.6  1004.9  1749.6  84636.3    85000  1778081276424  1778081278625
read      283.7   165.7    74.4   126.4   140.3   235.0   295.1   333.7   370.5   426.3   501.8   619.9   882.9  1287.3  1723.0  94793.0    95000  1778081280129  1778081282332
read      342.8   321.5    74.4   134.1   150.6   253.2   311.8   354.1   397.0   469.9   610.8   910.7  1813.4  2797.9  7509.0 105373.9   105000  1778081283837  1778081286040
read      525.5   769.8    80.4   167.7   192.9   322.4   392.2   438.4   476.1   529.8   626.5  2533.3  3651.9  7680.3  9094.1 114074.4   115000  1778081287546  1778081289751
read      492.7   758.4    80.4   163.1   186.3   304.4   362.9   399.3   429.0   467.9   536.2  2445.4  3536.0  7708.1  8680.3 123377.9   125000  1778081291257  1778081293458
Warning! Detected max cpu usage > 95%
CPU Usage Stats (avg/min/max): 50.25%,0.50%,100.00%
