#type       avg     std     min      p5     p10     p50     p67     p75     p80     p85     p90     p95     p99    p999   p9999      QPS   target       ts_start         ts_end
read      237.5    76.6   109.4   160.8   173.6   229.8   253.0   266.6   275.5   288.8   305.6   333.3   416.8   946.5  3771.2   4980.0     5000  1778080744075  1778080746342
read      253.8    70.0    86.8   156.8   174.1   250.2   276.4   291.3   301.9   315.2   333.6   366.1   444.1   566.7  2039.5  14919.0    15000  1778080747846  1778080750089
read      263.6    85.4    86.8   147.3   164.7   262.3   294.4   311.6   323.0   338.0   358.5   395.4   468.1   635.7  1936.8  24948.1    25000  1778080751594  1778080753798
read      257.9    83.8    80.4   138.2   153.7   256.3   295.0   314.0   327.0   341.5   362.7   396.5   464.8   586.8  1039.4  34968.0    35000  1778080755303  1778080757502
read      261.3    92.4    80.4   133.2   148.6   256.6   303.3   325.0   339.6   358.0   382.4   419.5   498.4   638.9   781.4  44809.0    45000  1778080759006  1778080761210
read      255.9   115.3    74.4   128.4   142.3   243.5   296.4   319.7   335.8   354.7   381.2   421.2   504.9   937.1  3822.6  54772.5    55000  1778080762715  1778080764918
read      256.0   116.0    80.4   126.7   140.8   239.8   296.6   322.8   340.6   363.2   392.0   431.9   509.5   677.4  4076.2  64643.5    65000  1778080766422  1778080768623
read      252.4   102.1    74.4   123.5   138.1   234.0   290.5   318.1   337.3   361.9   394.1   436.4   531.9   687.4   939.3  75034.2    75000  1778080770126  1778080772336
read      252.3   102.2    74.4   125.6   140.2   232.1   286.2   314.9   335.1   360.1   393.5   440.8   540.7   701.4   925.0  85014.5    85000  1778080773841  1778080776042
read      260.5   121.7    80.4   129.0   143.6   237.7   291.5   320.2   341.5   368.9   404.8   458.6   576.5   989.1  3121.7  95387.4    95000  1778080777547  1778080779751
read      306.1   153.4    74.4   136.4   154.4   278.4   340.6   379.6   407.7   442.5   490.8   577.8   771.7   966.3  2206.2 104815.9   105000  1778080781255  1778080783455
read      396.1   200.7    80.4   160.5   187.7   359.9   440.6   483.5   515.9   563.1   654.1   825.5  1013.7  1186.9  2050.1 113370.0   115000  1778080784959  1778080787162
read      427.1   231.5    80.4   163.0   190.5   390.1   467.5   509.5   547.7   620.0   780.0   913.6  1077.6  1265.5  4860.0 117703.7   125000  1778080788667  1778080790870
Warning! Detected max cpu usage > 95%
CPU Usage Stats (avg/min/max): 50.50%,1.00%,100.00%
