#type       avg     std     min      p5     p10     p50     p67     p75     p80     p85     p90     p95     p99    p999   p9999      QPS   target       ts_start         ts_end
read      233.5   116.0    86.8   156.9   169.4   224.4   247.4   261.0   270.8   283.3   298.5   328.2   413.5   987.3  7546.0   4919.5     5000  1778080135051  1778080137313
read      265.5    82.3    93.8   155.3   173.6   261.4   293.9   311.0   322.1   337.4   357.7   393.9   470.1   603.4  2377.5  14906.0    15000  1778080138818  1778080141059
read      279.0   107.9    86.8   144.1   162.0   273.4   316.6   338.3   354.1   373.6   400.2   436.3   511.6   852.7  2544.8  24984.0    25000  1778080142563  1778080144766
read      281.4   107.3    80.4   137.0   153.3   272.1   323.7   350.3   372.2   397.5   426.1   466.7   546.4   670.9  1960.4  35066.0    35000  1778080146270  1778080148473
read      292.4   125.4    74.4   134.1   151.1   275.3   336.3   373.1   399.6   426.8   459.2   506.1   604.5   791.9  2145.6  44981.9    45000  1778080149978  1778080152182
read      297.3   142.3    74.4   131.0   148.5   274.6   339.3   382.2   410.6   440.8   477.6   531.9   645.3   930.9  2625.1  54891.5    55000  1778080153686  1778080155891
read      303.7   134.3    80.4   131.9   151.0   280.3   345.5   389.5   419.2   452.3   492.0   547.6   672.2   847.7  1390.7  64599.0    65000  1778080157395  1778080159599
read      383.3   181.4    74.4   157.6   186.2   356.5   435.7   480.4   511.4   549.9   603.5   694.3   908.6  1186.4  4436.9  74940.5    75000  1778080161103  1778080163305
read      838.0   356.3   148.8   596.9   627.3   739.6   788.1   819.0   861.8  1173.2  1352.7  1465.7  1610.4  7044.6  7619.8  78074.1    85000  1778080164808  1778080167013
read      871.6   370.1   109.4   630.6   661.4   766.7   804.5   843.5   872.1  1239.2  1420.2  1525.0  1670.1  7103.3  7881.8  75490.5    95000  1778080168518  1778080170720
read      863.0   369.5   148.8   627.8   655.1   752.7   794.3   825.5   866.2  1287.5  1409.5  1495.4  1619.0  7083.5  7967.4  76332.5   105000  1778080172224  1778080174426
read      883.9   374.8    86.8   634.3   666.8   777.2   818.6   854.9   892.1  1275.0  1444.1  1549.9  1695.1  7011.2  7727.4  74393.0   115000  1778080175931  1778080178132
read      932.5   382.9   127.6   684.7   715.8   827.2   866.4   903.6   934.3  1189.6  1521.4  1630.6  1778.4  7156.9  7899.4  70738.0   125000  1778080179636  1778080181841
Warning! Detected max cpu usage > 95%
CPU Usage Stats (avg/min/max): 50.25%,0.50%,100.00%
