#type       avg     std     min      p5     p10     p50     p67     p75     p80     p85     p90     p95     p99    p999   p9999      QPS   target       ts_start         ts_end
read      242.4    83.7   101.3   161.0   174.3   233.1   257.8   271.4   282.0   294.6   312.7   342.8   450.7  1290.5  3496.4   4898.0     5000  1778080576405  1778080578667
read      268.6    78.8    80.4   156.4   174.8   263.4   296.4   314.1   326.7   341.9   365.2   403.5   495.0   616.3  1099.1  15081.0    15000  1778080580172  1778080582414
read      283.6   101.8    80.4   144.0   162.5   278.0   321.4   343.9   362.7   384.9   411.8   449.6   530.8   696.2  1991.2  25133.3    25000  1778080583918  1778080586121
read      287.2   112.9    74.4   132.6   150.3   277.6   331.2   363.0   387.1   411.5   438.4   480.9   571.6   710.6  1059.6  35008.5    35000  1778080587627  1778080589831
read      295.9   127.7    74.4   129.9   145.7   278.8   342.9   386.7   414.1   441.3   472.2   522.4   619.3   768.8  1459.6  45078.0    45000  1778080591336  1778080593538
read      299.9   160.4    74.4   125.2   140.4   269.6   346.6   399.7   430.8   463.9   503.1   559.5   678.0   933.8  4288.5  55010.7    55000  1778080595042  1778080597245
read      321.9   172.5    74.4   129.7   145.4   271.9   371.0   435.9   477.4   520.2   568.9   641.5   827.0  1081.9  1450.1  64852.5    65000  1778080598750  1778080600953
read      772.9   994.7    80.4   177.7   213.9   390.5   509.0   633.3   734.4  1175.9  2523.5  3190.7  3720.9  7955.7 10166.4  72978.5    75000  1778080602458  1778080604659
read      884.2  1169.5    93.8   252.4   275.7   389.4   575.7   642.1   688.7   868.3  3363.0  3562.6  3767.5  7992.5  9550.3  75136.0    85000  1778080606163  1778080608366
read      791.2  1118.8    93.8   213.3   234.7   376.8   497.0   547.4   586.7   659.8  3294.7  3493.8  3747.4  7973.7  9863.1  83770.0    95000  1778080609871  1778080612074
read      828.1  1139.7    86.8   228.1   249.2   385.8   525.5   577.8   618.9   698.8  3337.8  3542.3  3754.6  7986.3 10068.2  80817.0   105000  1778080613579  1778080615786
read      867.6  1163.3    93.8   239.5   261.0   397.8   556.1   617.6   667.5   791.8  3367.7  3571.4  3764.7  8002.4  9931.2  77195.0   115000  1778080617292  1778080619493
read      838.8  1156.2    93.8   238.2   258.2   368.5   539.8   592.0   631.1   717.3  3345.2  3547.6  3759.2  8014.2 10061.2  80253.0   125000  1778080620997  1778080623199
Warning! Detected max cpu usage > 95%
CPU Usage Stats (avg/min/max): 50.50%,1.00%,100.00%
