#type       avg     std     min      p5     p10     p50     p67     p75     p80     p85     p90     p95     p99    p999   p9999      QPS   target       ts_start         ts_end
read      238.9    74.9   101.3   160.1   172.7   230.5   254.0   267.9   277.5   290.3   308.2   339.8   421.6  1219.1  2000.2   4854.5     5000  1778081141589  1778081143857
read      256.9    84.8    93.8   157.2   174.2   251.8   280.2   295.5   307.7   320.5   340.4   373.9   456.5   602.1  2994.4  14965.0    15000  1778081145361  1778081147614
read      268.2    82.8    80.4   147.6   164.4   267.2   301.6   319.1   332.1   345.6   368.2   402.1   478.7   621.0  1492.3  25215.5    25000  1778081149120  1778081151324
read      269.8    97.1    80.4   138.6   154.9   266.3   307.0   327.1   341.4   360.9   387.4   427.4   518.1   770.6  2037.1  34963.0    35000  1778081152831  1778081155033
read      269.6   107.7    80.4   134.3   149.9   259.8   309.2   333.6   351.1   375.3   405.0   447.9   536.0   726.4  2994.5  44928.0    45000  1778081156538  1778081158740
read      263.2   108.3    74.4   128.4   142.1   249.7   302.1   327.8   345.8   373.6   408.2   456.9   546.2   693.1  1961.1  55036.0    55000  1778081160245  1778081162446
read      265.7   116.3    74.4   126.3   140.0   242.8   300.7   331.7   356.4   390.6   430.7   488.1   596.4   788.8  1396.8  65209.4    65000  1778081163951  1778081166153
read      270.2   136.1    74.4   126.2   139.5   240.4   301.7   334.7   362.2   398.1   443.9   512.3   662.6  1093.5  2829.7  75153.2    75000  1778081167658  1778081169861
read      282.2   164.7    80.4   124.4   138.9   245.4   304.8   339.1   371.1   417.2   476.4   569.2   821.7  1348.1  4121.1  85118.4    85000  1778081171366  1778081173573
read      298.7   201.7    74.4   129.5   144.0   244.6   306.4   345.7   385.9   442.2   524.0   664.6  1013.5  1604.3  4080.4  94865.0    95000  1778081175078  1778081177280
read      316.9   264.1    80.4   133.0   148.0   243.1   302.5   345.0   388.9   456.9   564.7   777.5  1303.7  2556.8  7255.7 105132.4   105000  1778081178784  1778081180984
read      494.8   722.3    80.4   158.7   181.8   307.6   374.2   417.9   453.7   504.6   615.2  2041.3  3478.4  7690.0  9342.9 114992.6   115000  1778081182489  1778081184689
read      532.7   796.6    86.8   177.7   203.1   329.8   396.3   439.9   474.7   521.5   597.7  2849.8  3703.7  7721.8  8875.1 119145.6   125000  1778081186194  1778081188396
Warning! Detected max cpu usage > 95%
CPU Usage Stats (avg/min/max): 50.75%,1.51%,100.00%
