#type       avg     std     min      p5     p10     p50     p67     p75     p80     p85     p90     p95     p99    p999   p9999      QPS   target       ts_start         ts_end
read      245.1    73.0   101.3   161.4   175.0   234.8   262.2   276.4   288.5   302.0   320.0   356.3   451.4  1046.3  1961.5   4991.5     5000  1778080019187  1778080021448
read      264.2    96.7    86.8   154.6   172.2   257.2   288.8   306.5   318.9   335.6   357.9   398.5   497.8   709.5  3763.6  15114.5    15000  1778080022952  1778080025194
read      278.3   115.9    80.4   142.3   160.4   271.8   314.6   336.1   351.5   372.5   400.8   439.4   528.8  1092.2  3868.3  25108.9    25000  1778080026699  1778080028902
read      295.6   127.8    74.4   136.9   153.9   277.1   335.1   369.3   395.8   425.6   463.0   524.5   660.9   839.6  2204.8  34712.6    35000  1778080030407  1778080032608
read      287.8   126.8    80.4   130.7   147.2   271.1   330.5   365.7   392.4   420.7   453.8   502.6   620.5   885.1  1496.5  45029.1    45000  1778080034112  1778080036313
read      283.9   122.6    74.4   129.5   145.7   262.8   325.8   363.1   391.6   421.8   456.8   504.2   605.1   820.7  1528.6  54738.5    55000  1778080037818  1778080040028
read      314.5   149.7    74.4   137.0   156.9   289.9   358.6   401.4   430.4   463.6   503.9   566.2   687.8   902.6  3404.8  64988.5    65000  1778080041533  1778080043735
read      502.0   299.1    74.4   170.3   207.7   454.0   580.5   643.3   683.9   730.4   796.4  1058.8  1420.2  1704.0  7401.5  74647.0    75000  1778080045239  1778080047441
read      862.6   374.0   118.1   619.8   654.7   760.9   799.7   834.7   867.2  1224.2  1405.7  1509.1  1641.9  7182.3  8091.8  75986.5    85000  1778080048946  1778080051149
read      869.0   370.8   173.5   632.7   662.3   768.1   804.7   840.4   866.5  1181.1  1414.7  1527.5  1677.2  7088.6  7966.7  75748.7    95000  1778080052654  1778080054857
read      863.6   391.3   137.8   633.8   660.0   759.7   797.7   828.9   862.4  1210.2  1412.3  1504.8  1628.4  7102.6 14119.3  76275.8   105000  1778080056362  1778080058566
read      846.7   360.2   137.8   612.1   645.9   741.7   786.1   808.4   855.2  1223.4  1384.7  1477.2  1611.5  7055.8  7978.3  77682.5   115000  1778080060071  1778080062272
read      825.7   359.9   173.5   595.3   617.0   718.2   762.2   798.0   857.5  1230.0  1340.9  1437.5  1586.2  7026.5  8917.6  79614.0   125000  1778080063777  1778080065978
Warning! Detected max cpu usage > 95%
CPU Usage Stats (avg/min/max): 50.50%,1.01%,100.00%
