#type       avg     std     min      p5     p10     p50     p67     p75     p80     p85     p90     p95     p99    p999   p9999      QPS   target       ts_start         ts_end
read      244.1    99.6   101.3   161.2   174.0   232.3   257.3   271.5   282.7   295.9   315.7   347.5   439.4  1885.9  2992.8   5000.0     5000  1778080858507  1778080860766
read      253.0    67.5    93.8   157.2   174.3   249.1   275.6   290.5   300.8   314.1   331.8   362.5   441.3   577.1  1101.0  14968.5    15000  1778080862270  1778080864513
read      266.4    97.4    80.4   149.2   166.0   263.0   296.9   314.2   326.5   341.3   362.4   398.5   486.6   970.8  2948.2  25050.5    25000  1778080866018  1778080868221
read      261.8    96.0    74.4   136.6   152.2   260.4   299.2   317.7   331.1   345.3   368.1   405.0   494.9   640.6  3112.2  35045.6    35000  1778080869725  1778080871927
read      259.0    95.2    74.4   130.6   145.7   254.8   300.4   320.8   335.5   352.4   377.8   419.0   498.5   625.0  1915.5  45104.8    45000  1778080873432  1778080875637
read      252.9    92.9    80.4   128.4   142.4   244.3   294.8   317.1   332.6   349.6   374.3   413.2   486.8   649.6  1081.6  54622.0    55000  1778080877141  1778080879345
read      258.5   108.1    74.4   128.3   142.0   240.7   298.6   325.8   344.0   368.2   399.1   443.4   532.5   721.2  2375.5  65016.0    65000  1778080880850  1778080883052
read      255.4   115.0    80.4   127.1   141.2   235.6   291.4   318.9   338.7   364.2   397.5   443.9   537.4   708.3  2775.0  74821.8    75000  1778080884556  1778080886757
read      262.2   116.7    74.4   126.8   141.8   244.4   299.6   327.9   347.5   374.2   408.4   457.5   557.3   712.6  1747.3  84595.9    85000  1778080888261  1778080890462
read      269.1   112.5    74.4   130.3   146.7   253.1   305.6   333.5   354.6   381.4   415.2   465.1   570.2   732.5  1565.1  95132.0    95000  1778080891966  1778080894169
read      280.2   131.3    74.4   135.2   151.7   257.9   311.4   342.7   367.9   397.4   434.4   493.6   643.6  1002.3  3455.7 104651.0   105000  1778080895674  1778080897878
read      446.8   225.9    86.8   179.3   214.7   414.4   488.5   533.2   572.3   636.1   754.6   886.8  1053.2  1282.6  4628.9 113539.0   115000  1778080899383  1778080901586
read      417.3   271.6    80.4   140.0   160.0   355.4   483.2   537.5   580.0   643.5   795.2   972.3  1172.2  1464.0  7201.7 113918.9   125000  1778080903090  1778080905294
Warning! Detected max cpu usage > 95%
CPU Usage Stats (avg/min/max): 50.25%,0.50%,100.00%
