#type       avg     std     min      p5     p10     p50     p67     p75     p80     p85     p90     p95     p99    p999   p9999      QPS   target       ts_start         ts_end
read      243.6    77.2    93.8   162.6   176.3   234.8   259.9   273.1   283.9   295.6   314.6   344.6   424.5  1287.2  2118.9   4964.0     5000  1778080409708  1778080411971
read      260.4    74.0    86.8   151.9   169.7   257.6   287.5   303.7   315.3   329.5   346.6   385.9   466.0   576.9  1923.7  14990.0    15000  1778080413476  1778080415715
read      287.0   190.1    80.4   144.4   161.9   276.4   317.3   338.4   354.7   375.9   402.5   440.0   545.4  3813.1  5871.7  24999.5    25000  1778080417220  1778080419423
read      284.6   111.8    80.4   135.6   152.5   275.8   326.0   353.6   378.2   403.2   432.5   476.2   560.9   708.0  1885.7  35007.0    35000  1778080420927  1778080423128
read      288.1   116.9    80.4   132.5   149.4   272.7   332.9   369.0   394.6   421.4   453.1   498.1   587.6   723.1   944.4  44801.7    45000  1778080424633  1778080426839
read      292.6   130.4    74.4   131.0   148.2   271.9   336.2   375.1   403.1   432.8   468.5   521.9   624.8   785.3  1555.4  55132.0    55000  1778080428344  1778080430543
read      306.3   154.1    74.4   135.5   154.3   281.2   347.1   391.7   420.8   453.0   492.0   547.6   670.3   904.7  5340.9  64514.5    65000  1778080432048  1778080434250
read      376.2   170.9    74.4   157.7   184.8   349.0   429.2   474.3   506.3   544.1   593.6   679.8   888.3  1175.6  1979.0  74574.5    75000  1778080435754  1778080437957
read      857.3   367.1   109.4   604.9   645.4   754.9   797.6   834.5   870.6  1241.8  1399.3  1496.6  1636.1  7070.1  7702.4  76222.5    85000  1778080439461  1778080441664
read      825.5   353.8    93.8   572.2   606.1   719.3   770.2   805.8   908.5  1228.9  1334.8  1432.6  1579.6  6989.8  7803.5  79487.5    95000  1778080443170  1778080445378
read      883.8   388.0   160.7   645.8   673.8   778.0   817.6   851.7   873.0  1241.3  1438.1  1547.1  1702.4  7135.9  9243.4  74562.0   105000  1778080446883  1778080449087
read      848.5   367.7   148.8   608.9   642.6   744.2   788.8   814.0   858.7  1226.1  1377.6  1481.1  1612.5  7120.4  7900.8  77559.7   115000  1778080450591  1778080452794
read      845.5   361.7   173.5   605.5   638.2   739.7   786.3   812.8   862.0  1238.5  1375.3  1473.2  1607.3  7067.6  8065.3  77861.5   125000  1778080454299  1778080456500
Warning! Detected max cpu usage > 95%
CPU Usage Stats (avg/min/max): 50.75%,1.51%,100.00%
