#type       avg     std     min      p5     p10     p50     p67     p75     p80     p85     p90     p95     p99    p999   p9999      QPS   target       ts_start         ts_end
read      236.8    83.0    93.8   154.4   167.8   228.5   253.3   267.0   276.0   290.1   308.2   339.3   429.6  1142.5  3629.8   5022.0     5000  1778081026765  1778081029030
read      273.7    79.8    86.8   155.8   174.1   269.4   304.3   322.4   336.1   351.8   375.8   414.5   494.2   595.1  1387.3  14901.9    15000  1778081030535  1778081032775
read      286.3    98.0    86.8   144.0   163.2   281.4   324.4   346.4   367.2   390.6   417.5   454.7   531.4   658.3  1747.8  24946.0    25000  1778081034280  1778081036482
read      290.3   113.9    80.4   137.4   154.7   278.6   334.0   366.6   390.3   414.9   442.3   483.2   577.1   790.5  1945.9  35069.0    35000  1778081037987  1778081040190
read      301.2   133.2    80.4   132.3   149.4   283.5   350.7   392.4   417.9   444.6   476.6   524.7   627.8   799.4  2988.8  45089.3    45000  1778081041694  1778081043898
read      317.2   151.9    74.4   130.7   148.6   292.5   372.9   418.1   446.9   478.5   515.8   571.8   705.8  1067.3  3113.6  54952.0    55000  1778081045403  1778081047607
read      322.1   155.0    74.4   131.8   149.3   288.7   383.8   430.2   462.4   497.7   538.8   597.4   734.6  1011.2  1803.7  64722.5    65000  1778081049112  1778081051313
read      657.0  1056.5    74.4   142.4   161.7   279.0   366.6   483.7   657.5   955.2  1669.5  2946.6  5440.4  7937.2 11075.7  74917.0    75000  1778081052817  1778081055020
read      961.3  1914.3    86.8   168.1   189.9   307.4   360.3   393.3   422.9   471.5  4654.7  6292.3  7409.8  9854.6 14489.0  71129.5    85000  1778081056523  1778081058726
read      923.5  1862.7    86.8   163.1   184.9   296.7   346.7   378.3   403.5   447.1  3439.1  6261.4  7405.2  9316.4 10591.0  73785.9    95000  1778081060230  1778081062430
read      833.1  1775.1    80.4   154.1   175.6   266.6   301.9   324.6   344.2   374.0  1488.4  6192.5  7450.6  9264.4 12299.0  82236.3   105000  1778081063934  1778081066137
read      860.0  1800.3    80.4   153.6   175.5   277.8   315.1   339.1   360.1   392.9  2664.9  6213.0  7231.2  9215.7 11722.4  79350.0   115000  1778081067641  1778081069847
read      846.8  1789.2    80.4   154.2   177.9   268.4   304.3   328.8   350.2   387.0  2187.5  6208.0  7384.0  8947.8 10189.1  80980.1   125000  1778081071351  1778081073553
Warning! Detected max cpu usage > 95%
CPU Usage Stats (avg/min/max): 50.50%,1.00%,100.00%
