#type       avg     std     min      p5     p10     p50     p67     p75     p80     p85     p90     p95     p99    p999   p9999      QPS   target       ts_start         ts_end
read      244.7   126.1   101.3   159.8   172.9   234.1   260.4   274.1   285.9   298.8   317.9   352.2   436.6  1018.2  6977.0   5010.0     5000  1778080072189  1778080074446
read      267.9    76.3    86.8   155.2   174.0   264.2   296.2   314.3   326.8   341.1   361.8   397.8   473.9   600.3  1102.4  14888.0    15000  1778080075951  1778080078190
read      279.5   114.6    80.4   143.3   161.5   273.3   315.3   336.9   352.9   373.6   400.9   439.1   530.8   961.2  3233.8  24969.0    25000  1778080079694  1778080081900
read      287.8   133.7    80.4   136.4   152.9   278.3   328.5   355.7   377.2   403.1   433.2   476.9   573.6   911.8  3012.7  34584.0    35000  1778080083405  1778080085605
read      290.2   125.9    74.4   132.7   150.0   273.5   333.7   369.9   397.4   425.4   457.9   503.0   590.0   761.3  2670.4  44805.6    45000  1778080087110  1778080089313
read      293.2   131.2    74.4   130.4   147.6   273.4   335.8   375.5   403.1   432.9   467.5   519.3   632.0   819.6  3112.1  55013.0    55000  1778080090818  1778080093020
read      318.9   141.3    74.4   137.4   158.4   296.6   363.8   406.1   435.1   469.6   511.7   574.3   692.1   859.8  1886.1  64985.0    65000  1778080094524  1778080096725
read      310.9   142.5    74.4   137.2   157.1   286.2   354.2   397.3   426.8   459.9   499.5   555.5   679.0   860.8  2572.5  74838.0    75000  1778080098229  1778080100431
read      892.7   377.9   148.8   646.9   679.1   784.5   828.5   858.9   896.0  1291.9  1457.2  1563.5  1710.6  7109.0  8559.0  73551.9    85000  1778080101935  1778080104141
read      950.3   442.9   127.6   698.2   727.6   835.5   871.6   911.5   938.2  1321.8  1550.0  1662.9  1809.1  7258.5 14584.6  69569.9    95000  1778080105645  1778080107856
read      832.0   345.9   118.1   599.6   628.9   729.7   773.7   800.9   847.8  1217.6  1361.4  1457.1  1590.5  6884.4  7798.5  78904.3   105000  1778080109361  1778080111562
read      844.0   371.4   127.6   599.2   631.8   738.4   785.4   811.8   864.3  1225.9  1367.0  1469.7  1606.4  7067.9  9366.4  78071.9   115000  1778080113068  1778080115270
read      880.9   377.9   137.8   640.8   669.2   780.0   821.9   853.9   875.1  1150.0  1430.3  1551.0  1708.1  7163.1  8039.5  74805.4   125000  1778080116775  1778080118979
Warning! Detected max cpu usage > 95%
CPU Usage Stats (avg/min/max): 50.75%,1.49%,100.00%
