#type       avg     std     min      p5     p10     p50     p67     p75     p80     p85     p90     p95     p99    p999   p9999      QPS   target       ts_start         ts_end
read      236.0    86.1   101.3   156.6   169.4   227.0   250.0   264.0   273.5   287.2   304.6   336.2   425.2  1068.1  3770.6   4990.5     5000  1778080187820  1778080190077
read      265.2   101.8    86.8   152.2   170.7   259.7   291.6   309.1   320.7   336.4   357.1   396.7   471.1   813.5  3783.0  14784.0    15000  1778080191582  1778080193825
read      281.5   104.2    80.4   142.6   161.2   277.5   318.9   340.6   358.2   380.2   407.3   446.6   528.3   710.7  2133.5  25161.0    25000  1778080195329  1778080197530
read      286.6   141.5    80.4   135.9   152.7   275.2   327.2   355.3   376.9   402.1   431.8   474.4   580.1  1129.2  3361.0  35018.5    35000  1778080199035  1778080201238
read      288.2   121.5    74.4   132.1   149.2   271.1   330.1   365.6   391.8   419.8   453.0   502.0   612.9   829.3  1336.2  44871.5    45000  1778080202743  1778080204949
read      303.0   145.6    74.4   132.3   150.9   281.5   345.5   388.1   416.6   447.6   485.0   540.5   662.3   865.4  4750.2  54873.5    55000  1778080206454  1778080208655
read      303.0   140.0    74.4   132.8   151.3   277.5   344.2   388.3   418.6   452.8   494.2   550.1   669.2   845.0  3108.3  65175.0    65000  1778080210161  1778080212363
read      399.3   211.5    80.4   156.2   185.5   361.6   450.8   500.7   536.4   579.9   638.8   750.4  1112.1  1504.0  4391.2  75092.9    75000  1778080213868  1778080216068
read      849.2   355.2   109.4   613.1   649.9   754.5   794.0   820.4   856.7  1073.3  1393.9  1492.9  1615.0  6924.6  7889.0  76965.0    85000  1778080217574  1778080219780
read      865.7   393.5   101.3   608.1   649.4   761.8   802.6   842.4   873.6  1241.3  1412.5  1519.1  1676.0  7112.9  9731.8  75883.9    95000  1778080221284  1778080223486
read      880.9   375.9   148.8   632.6   662.2   774.3   819.5   856.1   897.7  1279.7  1430.2  1538.3  1694.9  7137.8  8795.5  74740.0   105000  1778080224991  1778080227192
read      861.5   394.1   101.3   615.9   649.2   746.8   791.6   822.3   866.3  1293.8  1410.0  1490.4  1614.2  7082.5  9122.8  76359.9   115000  1778080228697  1778080230898
read      890.9   399.0   173.5   650.3   683.5   783.6   825.3   855.8   880.1  1240.8  1449.5  1558.3  1704.8  7247.3  9892.1  74142.0   125000  1778080232402  1778080234601
Warning! Detected max cpu usage > 95%
CPU Usage Stats (avg/min/max): 50.25%,0.50%,100.00%
