#type       avg     std     min      p5     p10     p50     p67     p75     p80     p85     p90     p95     p99    p999   p9999      QPS   target       ts_start         ts_end
read      232.4   109.3    93.8   154.7   167.8   222.7   245.4   259.1   268.9   281.3   299.0   330.7   414.3  1747.7  6980.9   4974.0     5000  1778080357043  1778080359300
read      265.2    91.4    80.4   155.6   173.3   259.5   291.4   308.8   320.4   336.9   358.7   396.3   479.7   653.1  2884.3  14893.0    15000  1778080360804  1778080363048
read      273.4    93.2    74.4   143.6   162.0   267.8   308.1   329.1   343.6   364.3   391.6   430.3   508.4   698.9  1745.6  25153.5    25000  1778080364554  1778080366755
read      278.7   105.0    80.4   134.7   150.8   271.0   322.7   347.3   368.2   392.6   421.5   461.8   545.6   685.4   860.1  35212.0    35000  1778080368261  1778080370461
read      297.4   142.3    74.4   134.0   151.2   279.5   340.5   377.4   402.6   429.3   462.4   512.7   664.3  1091.4  4221.4  45105.1    45000  1778080371967  1778080374173
read      295.2   127.0    80.4   132.0   149.4   275.8   338.5   378.5   406.1   436.2   472.0   523.7   624.6   788.9  1793.2  54962.6    55000  1778080375677  1778080377882
read      323.3   159.3    80.4   139.4   159.6   297.3   368.5   410.8   440.2   473.9   514.4   575.9   741.0  1320.5  3386.8  65045.0    65000  1778080379387  1778080381585
read      405.1   212.6    74.4   156.4   185.4   366.3   459.3   510.7   547.9   592.5   654.1   765.3  1144.0  1456.6  3767.5  75089.0    75000  1778080383090  1778080385291
read      864.9   360.9   109.4   632.9   661.2   765.4   802.3   836.4   863.9  1192.0  1414.7  1520.8  1655.2  7004.1  7723.1  75700.5    85000  1778080386795  1778080388997
read      912.1   386.1   137.8   667.1   701.5   799.8   845.0   868.4   912.6  1295.2  1497.1  1588.6  1726.4  7163.1  8058.9  72313.0    95000  1778080390502  1778080392707
read      889.3   380.2   127.6   654.2   688.0   784.9   827.9   858.6   891.6  1105.0  1442.4  1557.8  1716.6  7123.2  8073.9  74195.0   105000  1778080394212  1778080396412
read      865.7   363.8   127.6   640.2   662.2   761.6   800.4   834.6   864.7  1234.1  1417.4  1515.0  1645.8  7005.1  9686.0  75994.5   115000  1778080397916  1778080400121
read      863.6   378.9   127.6   632.8   657.7   757.5   799.1   833.9   865.2  1233.0  1409.6  1507.4  1654.3  7129.4  9035.0  76301.7   125000  1778080401624  1778080403830
Warning! Detected max cpu usage > 95%
CPU Usage Stats (avg/min/max): 50.25%,0.50%,100.00%
