#type       avg     std     min      p5     p10     p50     p67     p75     p80     p85     p90     p95     p99    p999   p9999      QPS   target       ts_start         ts_end
read      243.6    87.3   109.4   158.2   171.6   233.9   261.3   276.3   289.2   303.8   321.4   352.1   428.2   957.5  3775.6   4907.0     5000  1778081079325  1778081081582
read      264.8    96.0    93.8   153.2   171.1   260.4   291.9   309.2   320.9   336.6   356.9   393.1   478.4   670.9  3868.9  15080.5    15000  1778081083086  1778081085327
read      281.6   116.9    80.4   142.1   160.0   275.5   319.1   341.5   359.6   381.9   409.7   448.5   530.7   675.8  4749.6  24994.0    25000  1778081086831  1778081089030
read      289.3   114.6    80.4   134.6   152.4   279.9   333.9   365.7   388.5   412.7   440.4   479.7   565.3   700.4  2779.0  34821.0    35000  1778081090534  1778081092740
read      301.2   144.8    80.4   131.1   148.5   285.0   350.8   389.6   414.4   440.9   470.8   516.5   610.9   941.0  3857.8  44815.5    45000  1778081094245  1778081096445
read      303.4   138.5    80.4   129.1   145.1   279.5   357.6   401.7   429.2   459.8   496.6   547.9   652.3   842.9  1832.6  55258.8    55000  1778081097949  1778081100149
read      347.0   200.2    80.4   131.0   149.1   301.2   411.0   463.0   498.6   538.3   587.6   672.3   931.1  1563.8  4356.0  65080.5    65000  1778081101655  1778081103864
read      650.8  1000.6    80.4   142.8   161.9   276.5   361.5   504.3   708.1  1029.5  1728.3  2892.8  4897.6  7881.7  8728.2  74766.9    75000  1778081105368  1778081107568
read      900.8  1827.9    80.4   161.0   183.2   289.7   334.9   365.5   392.9   437.1  3237.8  6194.7  7844.7  9481.7 11042.9  75532.0    85000  1778081109073  1778081111274
read      929.8  1864.8    80.4   164.8   188.2   293.6   345.9   382.3   414.2   467.2  3448.3  6256.2  7556.7  9454.8 11886.5  73526.5    95000  1778081112778  1778081114977
read      882.3  1819.2    86.8   164.7   188.5   273.0   319.9   355.8   387.1   437.3  2977.7  6208.7  7679.5  9456.3 11844.5  77464.5   105000  1778081116481  1778081118680
read      918.7  1866.5    80.4   160.9   181.1   296.8   344.0   373.0   398.6   439.3  3382.3  6253.9  7515.9  9560.2 12926.6  74478.8   115000  1778081120184  1778081122382
read      960.5  1892.5    74.4   170.8   192.8   302.1   365.9   405.0   437.3   487.8  5263.1  6288.8  7216.2  8911.1 10785.3  71065.0   125000  1778081123887  1778081126085
Warning! Detected max cpu usage > 95%
CPU Usage Stats (avg/min/max): 51.25%,2.50%,100.00%
