#type       avg     std     min      p5     p10     p50     p67     p75     p80     p85     p90     p95     p99    p999   p9999      QPS   target       ts_start         ts_end
read      239.0   135.3    93.8   161.2   173.9   228.7   251.6   264.8   273.6   286.2   301.6   330.3   412.2  1748.8  7539.6   4972.5     5000  1778080691122  1778080693384
read      255.9    90.2    93.8   158.3   175.7   251.2   278.1   292.6   303.3   315.9   333.3   364.8   450.3   620.7  3971.5  14978.5    15000  1778080694888  1778080697128
read      264.4    80.4    80.4   147.5   164.9   262.8   296.1   313.7   325.9   340.5   361.5   396.1   467.0   585.9  1946.5  24970.5    25000  1778080698633  1778080700833
read      260.8    94.9    80.4   138.6   154.2   257.7   297.0   316.5   330.0   344.5   368.5   404.1   482.8   638.6  2994.2  34910.9    35000  1778080702339  1778080704547
read      265.7   109.7    80.4   133.7   149.3   258.4   306.4   328.6   343.4   364.4   391.7   430.5   519.5   723.5  2919.8  44806.0    45000  1778080706052  1778080708253
read      260.5   102.1    80.4   129.4   144.0   248.6   301.6   326.6   343.1   365.9   395.3   436.6   521.7   659.3   935.1  54768.0    55000  1778080709757  1778080711961
read      253.5   100.3    74.4   125.9   139.9   237.1   292.3   317.9   336.2   358.8   390.7   434.9   527.5   671.1  1059.8  64955.8    65000  1778080713467  1778080715667
read      255.0   104.9    74.4   125.7   139.8   237.1   294.2   321.3   339.6   363.3   394.5   438.5   528.5   691.5  1861.8  75179.5    75000  1778080717172  1778080719370
read      263.3   112.7    74.4   128.0   142.9   246.5   300.2   327.1   345.9   372.7   405.2   455.2   566.2   900.5  2200.5  84865.6    85000  1778080720875  1778080723074
read      256.6   118.7    80.4   128.0   142.1   234.3   285.6   314.9   336.7   364.7   400.7   453.5   568.8   881.0  2862.3  95013.4    95000  1778080724578  1778080726784
read      279.4   121.0    80.4   135.1   152.5   260.0   313.1   343.3   367.7   396.4   433.4   491.6   609.3   808.5  2014.8 105109.9   105000  1778080728288  1778080730487
read      342.4   185.7    80.4   145.9   167.7   307.4   378.7   420.3   450.8   489.7   548.1   680.6   894.3  1130.5  5451.4 114643.9   115000  1778080731991  1778080734192
read      497.0   355.0    80.4   213.6   255.3   441.8   525.2   579.1   627.7   699.1   791.8   924.5  1122.2  4462.5 11684.2 117230.6   125000  1778080735696  1778080737900
Warning! Detected max cpu usage > 95%
CPU Usage Stats (avg/min/max): 50.00%,0.00%,100.00%
