#type       avg     std     min      p5     p10     p50     p67     p75     p80     p85     p90     p95     p99    p999   p9999      QPS   target       ts_start         ts_end
read      241.4    82.0   101.3   158.9   172.8   232.2   258.5   272.4   283.3   295.5   315.5   348.8   431.9   625.8  3231.5   5013.5     5000  1778080240948  1778080243206
read      261.9    74.2    86.8   152.1   170.2   257.4   289.2   306.0   317.7   333.5   354.3   393.3   466.8   606.6  1186.7  15097.3    15000  1778080244711  1778080246952
read      275.9    97.6    80.4   140.4   157.8   272.9   313.6   334.3   348.4   369.7   396.5   433.9   517.5   650.2  2035.2  25107.5    25000  1778080248457  1778080250660
read      285.6   135.3    80.4   137.4   153.8   275.7   328.4   356.6   378.3   403.0   430.7   470.5   552.3   765.4  5229.4  35109.5    35000  1778080252164  1778080254364
read      286.7   121.6    74.4   131.1   147.8   273.1   331.2   365.0   390.9   418.4   450.2   495.8   584.3   735.7  2424.5  44873.5    45000  1778080255869  1778080258071
read      297.8   129.7    80.4   132.4   150.1   276.6   340.2   382.2   410.6   440.9   479.0   534.1   641.9   828.4  1650.6  54793.5    55000  1778080259576  1778080261781
read      304.7   136.3    74.4   131.5   150.8   281.2   346.0   390.6   420.5   453.9   494.0   549.3   670.0   851.4  1887.4  64950.5    65000  1778080263286  1778080265488
read      397.3   227.9    80.4   157.5   185.7   361.1   448.3   496.9   532.8   576.9   636.2   746.9  1063.9  1567.3  6448.8  75128.5    75000  1778080266992  1778080269192
read      842.6   361.4   137.8   600.0   633.3   741.3   788.4   817.9   862.2  1199.9  1370.2  1473.5  1611.8  7084.3  7954.6  77555.0    85000  1778080270697  1778080272898
read      770.0   320.8   148.8   544.3   570.8   672.6   718.4   746.6   802.6  1140.7  1250.0  1345.2  1478.1  4793.9  7532.0  84763.2    95000  1778080274403  1778080276606
read      856.6   369.8   148.8   613.5   646.7   750.8   795.0   828.3   864.8  1248.6  1399.0  1495.2  1632.5  7092.8  9073.7  76784.9   105000  1778080278111  1778080280312
read      863.8   373.0   148.8   624.5   656.4   756.4   795.2   824.6   863.3  1264.3  1416.2  1507.8  1615.4  7120.5  8017.2  76182.0   115000  1778080281817  1778080284018
read      818.8   349.8   127.6   598.6   623.3   717.3   748.8   785.0   807.8  1204.8  1340.4  1435.3  1561.0  7052.3  7774.6  80348.5   125000  1778080285523  1778080287725
Warning! Detected max cpu usage > 95%
CPU Usage Stats (avg/min/max): 50.50%,1.00%,100.00%
