#type       avg     std     min      p5     p10     p50     p67     p75     p80     p85     p90     p95     p99    p999   p9999      QPS   target       ts_start         ts_end
read      242.7    81.3    93.8   160.0   174.3   233.9   259.5   272.4   283.1   295.3   314.3   344.6   430.0  1099.6  2375.4   5010.5     5000  1778080523873  1778080526132
read      263.9    79.9    86.8   152.8   170.3   260.8   292.3   309.5   320.8   336.5   357.2   393.0   462.7   571.4  2036.0  15053.0    15000  1778080527636  1778080529882
read      289.4   118.6    86.8   144.4   162.9   283.2   327.9   351.2   372.3   394.8   420.4   457.6   545.6   963.4  3559.5  25073.0    25000  1778080531388  1778080533588
read      287.0   110.2    80.4   136.0   152.6   277.2   330.1   361.5   385.0   408.7   435.5   475.6   573.6   714.1  1060.0  34928.5    35000  1778080535092  1778080537293
read      297.6   130.3    74.4   128.5   144.3   281.8   345.6   388.7   415.4   442.8   475.7   525.9   628.3   811.3  1748.1  44932.5    45000  1778080538797  1778080540998
read      305.0   147.5    80.4   127.7   143.1   277.3   355.5   405.5   435.9   469.1   508.7   565.4   687.0   915.8  2037.1  54990.5    55000  1778080542503  1778080544703
read      302.0   156.7    74.4   124.5   139.3   258.9   347.0   407.9   444.8   483.2   527.6   588.9   730.8  1029.5  1903.4  64790.4    65000  1778080546207  1778080548406
read      395.6   322.1    74.4   134.8   153.4   287.8   397.0   493.1   562.8   645.1   764.7  1001.8  1649.8  2337.7  7321.2  74671.6    75000  1778080549911  1778080552113
read      901.9  1180.7    86.8   255.4   278.4   405.8   585.0   653.1   707.7  1309.4  3370.4  3573.8  3909.4  7993.5  9520.8  73383.0    85000  1778080553617  1778080555829
read      912.7  1202.4    80.4   261.8   284.8   399.5   598.2   662.7   710.7  1400.9  3383.3  3582.2  3890.1  8055.2 10231.2  73594.0    95000  1778080557332  1778080559534
read      849.7  1158.9    93.8   238.3   258.8   382.3   546.0   600.9   640.0   736.7  3353.7  3559.5  3762.1  8008.2  9713.1  79097.5   105000  1778080561038  1778080563240
read      901.1  1205.3   109.4   260.7   280.8   389.2   594.6   647.0   686.0   842.4  3384.8  3590.6  3960.4  8040.5 10759.2  74571.5   115000  1778080564744  1778080566948
read      891.2  1178.6    93.8   256.1   277.4   393.6   582.1   640.1   685.4   856.6  3378.3  3575.2  3769.6  8027.8 10085.3  75332.7   125000  1778080568452  1778080570654
Warning! Detected max cpu usage > 95%
CPU Usage Stats (avg/min/max): 50.50%,1.00%,100.00%
