#type       avg     std     min      p5     p10     p50     p67     p75     p80     p85     p90     p95     p99    p999   p9999      QPS   target       ts_start         ts_end
read      241.1   121.2   109.4   160.8   173.1   231.2   255.0   268.8   278.7   292.6   311.4   340.0   426.1  1342.3  7536.6   4997.0     5000  1778081194044  1778081196305
read      262.7   107.8    93.8   158.9   175.8   256.9   286.7   303.2   315.2   329.5   346.2   380.2   465.5   622.3  5336.5  14831.0    15000  1778081197809  1778081200052
read      269.0    89.7    80.4   148.7   166.4   266.4   300.4   318.1   331.5   345.8   368.9   403.5   488.0   666.2  2993.3  24963.0    25000  1778081201556  1778081203756
read      265.7    91.0    80.4   139.5   155.3   260.4   302.0   322.8   338.0   356.7   383.2   423.3   500.0   631.7  1018.9  34997.5    35000  1778081205260  1778081207458
read      269.7   103.1    74.4   133.5   148.8   261.3   310.9   335.7   353.8   377.0   406.6   449.5   527.2   655.9  1619.6  44894.7    45000  1778081208962  1778081211162
read      265.6   110.1    74.4   127.9   142.3   250.8   304.5   331.9   352.2   380.9   415.4   462.7   559.5   726.6  1701.6  55170.8    55000  1778081212667  1778081214869
read      263.7   116.3    80.4   125.4   139.1   241.5   299.3   329.3   352.4   385.1   425.0   482.6   595.4   778.4   999.9  65100.5    65000  1778081216374  1778081218574
read      270.6   124.4    80.4   124.6   138.9   245.9   305.2   337.1   364.2   400.0   445.5   512.6   645.8   816.8  1064.5  74832.0    75000  1778081220078  1778081222280
read      275.1   143.5    80.4   126.5   140.1   237.8   299.6   335.7   367.5   409.3   467.0   551.4   746.4  1074.7  2478.4  84599.9    85000  1778081223784  1778081225986
read      308.3   210.0    74.4   132.1   147.5   250.0   311.1   350.9   393.4   457.5   550.4   706.5  1064.6  1891.6  3603.0  94954.4    95000  1778081227490  1778081229691
read      363.7   370.8    80.4   137.8   154.8   263.3   326.1   371.9   415.1   485.4   636.1   997.8  1968.2  3341.4  7925.2 104686.0   105000  1778081231195  1778081233395
read      517.1   756.1    80.4   167.6   193.3   321.1   388.5   431.8   467.9   518.9   609.3  2321.1  3605.1  7701.2  8121.1 114155.3   115000  1778081234899  1778081237101
read      484.5   745.1    86.8   163.2   185.0   302.5   362.7   397.2   424.5   459.3   515.2  2273.5  3528.0  7687.0  8125.9 123742.4   125000  1778081238605  1778081240807
Warning! Detected max cpu usage > 95%
CPU Usage Stats (avg/min/max): 51.50%,3.00%,100.00%
