#type       avg     std     min      p5     p10     p50     p67     p75     p80     p85     p90     p95     p99    p999   p9999      QPS   target       ts_start         ts_end
read      243.3    64.7   101.3   163.2   176.9   234.8   260.1   274.0   285.2   297.0   315.6   343.9   436.9   641.5  1334.7   5013.0     5000  1778080910993  1778080913250
read      260.7    71.9    80.4   161.1   178.6   256.8   284.7   299.2   310.8   323.2   342.6   373.4   455.3   570.3  1499.1  14919.0    15000  1778080914755  1778080917003
read      263.6    84.1    80.4   149.0   166.2   261.2   294.9   312.6   324.6   339.1   359.0   394.1   465.4   576.0  1887.8  24937.5    25000  1778080918508  1778080920708
read      260.4   104.0    80.4   137.6   153.1   257.3   296.2   315.6   329.0   343.5   366.3   401.5   471.7   798.2  2976.8  35033.5    35000  1778080922213  1778080924414
read      265.3    97.0    80.4   135.3   150.5   259.2   306.3   328.6   343.6   364.4   391.7   431.3   505.9   645.1  1817.5  44900.6    45000  1778080925919  1778080928120
read      258.9   125.4    80.4   128.3   142.7   246.1   299.9   324.6   341.0   362.3   391.1   432.0   514.9   678.6  6303.5  54940.2    55000  1778080929623  1778080931826
read      262.6   117.6    80.4   127.0   141.7   244.7   302.8   330.3   349.1   373.3   407.0   453.9   549.5   806.5  2839.4  64969.0    65000  1778080933329  1778080935529
read      254.0   107.0    74.4   123.8   138.2   234.4   290.4   318.3   338.3   364.1   397.8   446.8   543.8   744.0  1852.6  74773.0    75000  1778080937034  1778080939235
read      261.7   110.2    80.4   128.7   142.8   241.7   297.7   326.5   346.9   374.6   409.0   459.3   569.0   766.7  1444.3  84763.0    85000  1778080940740  1778080942941
read      264.5   104.6    80.4   131.0   146.3   246.3   300.2   328.7   349.5   376.2   409.7   458.4   555.2   713.2   988.5  95062.2    95000  1778080944446  1778080946646
read      276.4   110.7    80.4   134.2   151.5   259.8   311.3   340.2   363.3   391.0   425.3   477.8   591.1   776.1  1444.4 104752.5   105000  1778080948150  1778080950349
read      378.9   202.5    80.4   152.3   177.4   338.3   420.2   465.2   500.8   547.1   630.2   790.4  1001.4  1215.8  3641.6 114597.9   115000  1778080951853  1778080954054
read      509.6   221.0    86.8   247.0   298.4   455.1   529.7   612.0   694.7   762.7   829.0   911.4  1046.5  1278.9  6154.0 118507.7   125000  1778080955559  1778080957760
Warning! Detected max cpu usage > 95%
CPU Usage Stats (avg/min/max): 50.75%,1.51%,100.00%
