#type       avg     std     min      p5     p10     p50     p67     p75     p80     p85     p90     p95     p99    p999   p9999      QPS   target       ts_start         ts_end
read      242.8   130.8    93.8   160.1   172.6   230.4   254.9   269.4   279.7   292.2   310.4   340.6   432.9  1833.4  7543.6   4939.5     5000  1778081308441  1778081310695
read      254.1    81.8    93.8   158.0   175.4   249.7   275.5   290.3   300.6   314.3   332.3   363.5   441.1   586.6  3114.0  14935.5    15000  1778081312200  1778081314440
read      261.7    82.5    80.4   150.4   167.9   259.2   290.7   307.7   319.0   333.6   351.0   386.8   468.8   592.3  2040.5  24886.0    25000  1778081315945  1778081318146
read      260.4    82.5    86.8   141.4   158.0   258.1   295.0   313.3   326.0   341.2   363.0   400.6   475.6   636.4  1165.9  35246.0    35000  1778081319651  1778081321858
read      261.9    99.2    74.4   137.2   152.7   256.4   299.7   319.8   334.3   350.2   373.5   414.7   497.8   674.3  2883.2  44713.6    45000  1778081323362  1778081325564
read      251.2   104.0    74.4   129.3   143.4   242.8   289.8   311.5   325.9   342.2   366.6   404.2   492.5   662.1  1746.0  55021.1    55000  1778081327069  1778081329271
read      250.0    96.7    80.4   126.5   140.7   237.8   289.7   313.3   329.1   345.9   371.5   413.8   501.7   655.4  1387.6  64879.5    65000  1778081330775  1778081332983
read      250.7   101.6    80.4   126.3   139.6   233.7   290.1   316.8   334.2   353.9   381.2   424.2   517.5   677.8   943.2  75170.1    75000  1778081334487  1778081336687
read      245.2   100.0    74.4   124.6   138.0   227.1   279.9   306.5   324.0   343.9   372.3   419.5   516.9   819.4  2038.8  84938.5    85000  1778081338192  1778081340393
read      244.2   101.4    74.4   126.3   139.7   226.3   277.5   304.9   322.7   342.6   369.3   411.3   505.9   700.6  2258.0  95119.0    95000  1778081341898  1778081344099
read      247.4   117.0    80.4   127.5   141.1   228.8   278.5   305.6   323.4   344.1   372.8   421.0   524.6   788.9  3541.9 104502.4   105000  1778081345604  1778081347806
read      253.7   117.9    80.4   128.6   142.2   228.4   279.9   309.7   331.1   357.4   393.6   453.9   607.0   971.2  2578.0 114950.4   115000  1778081349311  1778081351512
read      272.9   127.4    80.4   138.5   155.2   255.5   304.4   331.1   350.5   374.7   406.4   458.8   587.3   986.9  3206.4 125044.9   125000  1778081353017  1778081355219
Warning! Detected max cpu usage > 95%
CPU Usage Stats (avg/min/max): 50.25%,0.50%,100.00%
