#type       avg     std     min      p5     p10     p50     p67     p75     p80     p85     p90     p95     p99    p999   p9999      QPS   target       ts_start         ts_end
read      238.3    87.2   109.4   160.7   173.3   228.6   252.6   266.6   275.7   288.8   305.9   338.0   427.7  1249.4  3776.2   4896.5     5000  1778080303126  1778080305379
read      262.3    76.1    86.8   154.7   172.9   257.0   288.7   305.9   317.8   333.0   352.2   393.4   474.7   589.5  1187.5  15052.4    15000  1778080306883  1778080309122
read      280.0   112.3    86.8   144.6   162.5   275.3   317.0   338.6   355.2   376.3   402.9   439.1   509.0   671.6  4745.0  25117.5    25000  1778080310627  1778080312830
read      281.2   104.9    80.4   137.2   153.1   271.9   323.4   349.9   372.9   397.9   426.9   467.6   546.2   668.7   872.7  35136.5    35000  1778080314334  1778080316533
read      291.4   130.9    74.4   132.4   149.8   274.0   334.0   370.7   396.8   424.6   457.5   504.5   612.9  1090.0  2522.3  45202.0    45000  1778080318038  1778080320238
read      301.7   140.8    74.4   133.9   151.8   280.6   344.1   386.4   414.4   444.8   483.2   537.2   645.1   825.3  3919.3  55100.0    55000  1778080321741  1778080323943
read      309.9   134.6    74.4   136.0   155.1   286.7   353.4   397.1   426.4   459.3   499.0   554.4   679.4   871.4  1236.3  64969.0    65000  1778080325448  1778080327650
read      367.4   178.0    74.4   152.3   178.4   337.9   419.0   463.0   495.1   532.5   580.7   662.8   917.0  1291.6  2992.0  75080.5    75000  1778080329153  1778080331356
read      811.4   347.1   137.8   569.0   602.9   713.5   759.9   797.6   852.2  1170.7  1312.6  1418.9  1576.1  6485.1  8050.7  80268.0    85000  1778080332861  1778080335062
read      873.6   359.9   101.3   644.2   669.2   770.2   805.3   841.7   867.9  1238.2  1429.2  1534.6  1672.7  6398.1  8915.8  75186.0    95000  1778080336567  1778080338767
read      852.6   361.3   173.5   616.3   648.2   743.4   788.1   813.5   862.0  1265.4  1396.6  1483.3  1611.2  7016.2  7936.3  77158.0   105000  1778080340272  1778080342473
read      853.3   368.4   137.8   609.6   646.3   749.3   792.5   821.8   863.6  1230.0  1394.8  1489.7  1612.2  7138.1  8077.8  77120.5   115000  1778080343978  1778080346178
read      908.9   377.2   187.4   662.2   697.7   798.7   846.1   870.7   918.6  1295.9  1480.2  1583.5  1726.7  7119.4  8028.5  72522.5   125000  1778080347683  1778080349887
Warning! Detected max cpu usage > 95%
CPU Usage Stats (avg/min/max): 51.24%,2.49%,100.00%
