#type       avg     std     min      p5     p10     p50     p67     p75     p80     p85     p90     p95     p99    p999   p9999      QPS   target       ts_start         ts_end
read      239.6    74.8   101.3   160.7   173.6   231.3   254.9   268.9   279.0   292.5   311.3   340.8   408.7  1218.4  2473.3   4869.5     5000  1778080638402  1778080640661
read      259.0    85.1    86.8   156.8   174.6   254.1   282.2   296.9   309.1   321.7   340.7   374.0   464.2   639.7  3765.3  15084.0    15000  1778080642165  1778080644405
read      272.2    81.2    80.4   154.0   172.1   270.8   303.8   319.8   332.7   346.0   369.4   404.4   482.5   604.8  1962.1  24954.5    25000  1778080645910  1778080648112
read      269.7    87.6    80.4   145.5   162.0   267.1   307.6   326.9   340.3   357.5   379.8   414.9   491.3   616.7  1194.9  34660.0    35000  1778080649616  1778080651819
read      265.4    93.5    74.4   135.1   151.0   260.2   306.8   328.4   342.7   362.6   389.1   428.5   506.5   628.3   798.8  45015.0    45000  1778080653323  1778080655524
read      258.7   121.5    80.4   127.4   141.2   247.4   300.7   324.3   340.4   361.4   389.3   428.9   513.1   812.6  3028.0  54854.0    55000  1778080657028  1778080659229
read      256.2   105.6    74.4   128.0   141.6   237.6   295.7   323.3   342.1   365.5   395.9   437.3   530.7   716.2  1099.3  65211.5    65000  1778080660733  1778080662934
read      251.0   102.0    74.4   124.5   138.4   231.7   287.6   315.7   335.2   359.7   392.4   437.3   531.7   691.5  1204.7  74879.5    75000  1778080664438  1778080666645
read      253.8   104.4    74.4   125.5   139.7   233.6   288.7   317.0   337.2   362.9   396.2   444.4   541.8   751.4  1479.5  84757.5    85000  1778080668149  1778080670348
read      261.2   110.8    74.4   128.6   143.8   242.7   295.0   322.0   343.0   370.1   404.4   456.3   556.5   771.8  1924.2  94931.0    95000  1778080671853  1778080674053
read      291.1   122.8    74.4   139.0   157.9   272.7   325.7   357.3   381.8   410.6   447.4   504.4   637.6   912.2  3229.5 105275.9   105000  1778080675557  1778080677759
read      370.5   194.4    80.4   152.7   176.1   331.6   411.3   455.3   489.3   535.1   613.1   764.2   977.2  1170.7  3241.6 114815.1   115000  1778080679262  1778080681463
read      488.1   205.2    86.8   222.5   274.7   439.8   512.0   585.7   661.9   734.7   802.9   886.1  1010.2  1170.0  3229.9 120282.0   125000  1778080682968  1778080685168
Warning! Detected max cpu usage > 95%
CPU Usage Stats (avg/min/max): 50.00%,0.00%,100.00%
