#type       avg     std     min      p5     p10     p50     p67     p75     p80     p85     p90     p95     p99    p999   p9999      QPS   target       ts_start         ts_end
read      243.8    87.5   101.3   161.8   175.0   233.0   258.7   272.2   283.2   296.0   315.3   346.8   443.4  1387.8  2771.4   4993.0     5000  1778081413355  1778081415627
read      258.6    77.0    93.8   160.2   177.5   253.3   281.0   295.7   308.0   321.0   341.1   373.9   455.3   641.5  2990.3  15054.5    15000  1778081417132  1778081419372
read      263.2    84.0    80.4   151.4   168.6   258.9   291.3   308.6   320.1   335.8   356.8   395.8   479.4   625.3  2036.6  25019.5    25000  1778081420877  1778081423079
read      261.5   107.1    80.4   140.5   156.8   258.3   294.9   313.5   326.4   341.2   363.1   399.7   489.4   759.1  2204.5  34733.0    35000  1778081424584  1778081426787
read      258.5   121.4    80.4   134.4   149.6   251.6   295.5   316.3   330.7   345.9   369.8   406.5   490.6   697.3  4721.3  45395.9    45000  1778081428291  1778081430494
read      256.6   105.1    80.4   130.2   144.9   247.5   295.7   317.4   332.9   350.2   374.0   414.6   512.9   841.6  2916.4  55165.0    55000  1778081431998  1778081434197
read      245.9    97.5    74.4   127.4   140.9   232.0   283.7   308.0   323.8   341.7   366.3   404.0   488.9   665.4  1891.0  64831.0    65000  1778081435701  1778081437904
read      245.6   104.9    74.4   125.6   139.2   228.7   281.5   307.9   324.7   343.3   369.3   410.1   502.5   725.6  2746.5  74935.0    75000  1778081439409  1778081441611
read      249.2   103.0    74.4   126.5   140.1   231.3   285.8   312.9   330.8   350.8   377.6   421.7   520.8   740.7  1498.9  84775.0    85000  1778081443116  1778081445318
read      249.3   105.6    80.4   127.0   140.7   230.8   283.3   310.7   328.9   349.5   378.6   425.5   532.6   735.4  1680.6  95078.5    95000  1778081446823  1778081449023
read      250.7   100.8    80.4   129.4   143.3   232.2   282.8   309.8   328.2   349.3   378.3   424.4   542.0   850.1  1273.0 104973.3   105000  1778081450527  1778081452728
read      257.5   109.6    80.4   132.8   148.0   238.4   288.8   315.8   335.3   358.5   388.8   433.7   547.0   839.2  2914.8 114616.4   115000  1778081454234  1778081456433
read      251.2    99.7    80.4   131.9   146.6   233.4   280.5   306.8   325.2   346.4   376.9   425.0   531.1   736.8  2110.4 124680.4   125000  1778081457938  1778081460138
Warning! Detected max cpu usage > 95%
CPU Usage Stats (avg/min/max): 50.50%,1.01%,100.00%
