#type       avg     std     min      p5     p10     p50     p67     p75     p80     p85     p90     p95     p99    p999   p9999      QPS   target       ts_start         ts_end
read      245.1   157.2   109.4   160.2   173.3   232.9   258.5   272.1   283.2   295.7   314.6   344.7   431.1  1897.9  7550.5   4881.5     5000  1778081360789  1778081363045
read      253.8    69.0    93.8   156.3   173.5   249.7   276.4   291.2   302.1   316.1   335.4   368.4   445.0   602.3  1615.7  15095.5    15000  1778081364551  1778081366790
read      261.2    83.4    86.8   150.2   166.8   258.9   290.1   306.8   318.1   333.0   351.4   386.4   470.2   618.6  2146.7  24883.1    25000  1778081368295  1778081370498
read      258.1    85.4    80.4   139.2   155.3   257.4   293.7   311.8   324.0   338.6   357.9   390.5   464.9   591.9  1961.3  35004.0    35000  1778081372003  1778081374203
read      256.7    88.6    74.4   134.4   150.0   253.8   295.5   315.0   328.6   343.6   365.9   401.1   476.0   630.5  1650.6  44789.5    45000  1778081375708  1778081377915
read      252.9   115.4    74.4   129.9   144.1   243.4   291.4   313.6   328.8   345.5   370.1   408.8   497.6   677.4  1986.4  55008.1    55000  1778081379420  1778081381620
read      249.6   103.3    80.4   127.7   141.4   234.9   287.1   311.7   328.2   346.3   372.3   414.8   507.6   743.2  3165.2  64795.5    65000  1778081383126  1778081385328
read      252.3   109.2    74.4   126.3   140.1   234.9   289.9   315.7   332.9   352.4   378.8   424.3   530.2  1014.7  2228.8  75052.0    75000  1778081386833  1778081389033
read      251.3   102.7    80.4   127.3   141.0   233.4   287.1   313.5   331.4   351.9   380.6   425.5   539.6   815.6  1454.1  84690.4    85000  1778081390538  1778081392739
read      243.5    94.9    80.4   125.7   139.2   225.0   276.4   304.2   322.5   343.0   370.3   415.6   510.6   683.5  1084.2  94903.4    95000  1778081394244  1778081396446
read      249.2    97.1    80.4   130.0   144.0   231.0   281.0   308.5   327.2   348.1   376.8   421.9   515.8   741.8  1617.3 104859.4   105000  1778081397952  1778081400153
read      269.0   138.9    74.4   132.5   147.8   242.7   295.4   324.0   344.9   372.1   409.2   472.4   697.9  1573.3  3537.3 115002.9   115000  1778081401659  1778081403862
read      319.9   177.0    80.4   140.0   156.7   274.6   344.0   390.7   427.7   474.7   543.2   662.8   922.2  1311.4  2595.6 124920.9   125000  1778081405368  1778081407570
Warning! Detected max cpu usage > 95%
CPU Usage Stats (avg/min/max): 50.50%,1.00%,100.00%
