#type       avg     std     min      p5     p10     p50     p67     p75     p80     p85     p90     p95     p99    p999   p9999      QPS   target       ts_start         ts_end
read      238.1   141.8   101.3   156.7   169.8   227.5   252.1   265.9   274.6   288.4   306.1   335.9   410.6  1237.3  8142.6   4973.5     5000  1778079966564  1778079968822
read      258.6    85.1    86.8   150.5   169.1   254.5   284.8   301.7   313.5   327.6   346.0   384.2   462.4   576.0  2920.2  14907.5    15000  1778079970328  1778079972569
read      273.7    91.3    80.4   142.5   160.0   269.1   311.7   333.2   347.9   369.1   395.8   431.4   501.7   630.1  1282.9  25035.0    25000  1778079974073  1778079976272
read      283.6   108.2    80.4   137.3   154.0   274.9   326.0   353.3   375.0   400.1   428.9   469.7   557.0   690.3  1460.5  34920.0    35000  1778079977777  1778079979980
read      295.3   140.0    74.4   133.5   150.7   277.5   337.4   374.2   401.6   430.0   464.8   514.5   621.6  1028.8  2701.4  45088.7    45000  1778079981484  1778079983685
read      287.7   130.0    80.4   129.2   146.0   266.0   329.2   367.3   396.0   426.6   462.7   514.7   621.8   796.7  1388.6  54893.0    55000  1778079985189  1778079987390
read      311.8   150.9    74.4   135.6   154.7   287.3   354.2   396.7   426.3   460.4   501.2   561.8   690.0   928.9  4295.8  64946.9    65000  1778079988895  1778079991096
read      302.4   132.5    74.4   131.3   150.7   279.4   343.5   386.5   416.4   449.2   489.2   546.3   661.2   817.1  1188.3  75019.7    75000  1778079992599  1778079994803
read      801.6   352.6    93.8   556.3   601.7   713.5   752.0   786.7   808.4  1112.1  1311.0  1421.4  1566.6  6313.3  7653.5  80279.0    85000  1778079996308  1778079998509
read      881.0   371.1   137.8   643.1   667.5   772.8   814.1   852.4   887.2  1294.3  1434.7  1537.2  1686.2  7079.4  8035.2  74654.0    95000  1778080000013  1778080002215
read      844.4   371.9   127.6   606.7   639.4   733.0   778.7   805.6   860.1  1269.9  1379.5  1467.8  1601.7  7096.1  9204.3  77897.5   105000  1778080003718  1778080005921
read      854.6   359.4   202.4   605.9   642.7   749.6   797.0   836.1   872.5  1244.4  1388.9  1483.6  1619.0  6996.3  8704.9  76967.0   115000  1778080007425  1778080009624
read      886.9   384.3   160.7   651.0   682.4   781.0   819.5   852.1   872.4  1203.3  1446.1  1554.9  1703.7  7149.6  8081.5  74336.0   125000  1778080011129  1778080013331
Warning! Detected max cpu usage > 95%
CPU Usage Stats (avg/min/max): 50.76%,1.52%,100.00%
