#type       avg     std     min      p5     p10     p50     p67     p75     p80     p85     p90     p95     p99    p999   p9999      QPS   target       ts_start         ts_end
read      240.9    83.9   109.4   160.8   173.9   231.5   256.1   270.1   280.7   293.9   312.0   341.6   429.0  1073.3  2992.8   4999.5     5000  1778080471239  1778080473510
read      259.3    75.4    86.8   155.3   172.6   254.0   285.0   301.1   313.4   327.7   345.6   384.6   467.0   663.7  1360.4  15028.0    15000  1778080475015  1778080477258
read      278.5    96.2    80.4   141.6   159.8   274.0   316.3   338.4   355.7   378.2   404.2   441.5   520.7   629.7  1098.2  25138.5    25000  1778080478762  1778080480963
read      293.6   136.4    80.4   135.9   153.0   281.0   335.7   368.9   392.7   417.5   445.8   489.8   590.3  1348.7  3971.7  34865.5    35000  1778080482467  1778080484668
read      294.6   154.1    80.4   128.1   143.7   275.5   338.4   379.2   406.4   433.8   467.1   516.3   628.0  1842.1  4536.1  45140.5    45000  1778080486173  1778080488374
read      301.2   141.6    80.4   125.0   140.7   276.9   350.3   399.1   428.4   460.9   500.5   555.7   676.1   890.0  1131.9  54636.1    55000  1778080489878  1778080492080
read      320.7   176.2    74.4   128.1   144.0   271.6   370.8   434.4   475.3   516.4   565.6   639.4   809.1  1104.0  3638.4  64713.1    65000  1778080493584  1778080495786
read      421.4   387.5    74.4   139.9   159.3   297.5   406.7   502.5   576.1   668.8   805.1  1081.8  1991.3  3165.3  7989.4  74737.5    75000  1778080497291  1778080499489
read      685.7   930.6    74.4   162.0   189.6   341.5   439.1   540.9   623.8   900.3  2165.8  2997.6  3580.9  7947.4 10224.2  82842.1    85000  1778080500994  1778080503194
read      848.0  1156.1    93.8   230.9   257.5   383.7   536.6   608.5   657.1   744.9  3345.5  3547.4  3762.3  8020.5 10082.2  78728.5    95000  1778080504698  1778080506901
read      864.8  1166.8   101.3   243.2   264.0   386.3   560.2   614.5   655.7   765.4  3365.5  3571.6  3763.5  8008.4  9617.2  77670.0   105000  1778080508405  1778080510606
read      837.4  1152.5   101.3   235.4   255.7   371.7   540.8   590.4   628.8   713.2  3348.3  3554.4  3757.7  8006.1 10159.6  79841.6   115000  1778080512110  1778080514314
read      908.0  1207.5    93.8   262.6   284.6   396.3   596.4   656.2   695.9   863.0  3383.0  3588.2  3984.1  8014.7 10185.9  73840.0   125000  1778080515818  1778080518020
Warning! Detected max cpu usage > 95%
CPU Usage Stats (avg/min/max): 50.25%,0.51%,100.00%
