#type       avg     std     min      p5     p10     p50     p67     p75     p80     p85     p90     p95     p99    p999   p9999      QPS   target       ts_start         ts_end
read      246.5    87.3   109.4   161.4   175.0   237.8   264.7   278.7   289.9   303.2   321.0   354.8   428.1   916.7  4079.3   4882.0     5000  1778081907819  1778081910077
read      270.8    78.8    93.8   156.9   175.4   265.6   298.6   317.6   331.5   346.3   370.7   405.4   483.0   620.3  1387.9  14851.5    15000  1778081911582  1778081913826
read      282.8    96.5    74.4   144.1   162.1   276.3   324.4   347.3   367.0   388.3   413.0   448.4   520.7   651.5  1144.7  24900.0    25000  1778081915329  1778081917532
read      294.3   113.3    80.4   135.3   153.0   284.6   343.7   377.1   398.1   421.4   449.1   490.1   575.4   697.8   855.8  35057.0    35000  1778081919036  1778081921236
read      308.8   133.7    74.4   132.2   149.4   294.6   365.9   403.3   427.0   453.9   486.8   535.5   639.4   875.8  1461.1  44878.0    45000  1778081922741  1778081924943
read      311.0   170.1    68.9   128.2   144.9   284.5   367.3   409.9   436.7   467.1   503.0   557.3   681.8  1620.6  4202.5  54900.0    55000  1778081926448  1778081928649
read      331.7   173.8    74.4   127.9   145.3   291.5   394.0   444.4   479.1   518.9   566.4   636.0   811.9  1224.9  2199.1  65057.5    65000  1778081930154  1778081932353
read      410.3   346.2    74.4   131.1   149.1   298.1   441.7   520.5   578.3   654.2   779.2  1026.6  1681.5  3068.7  7388.0  74915.9    75000  1778081933857  1778081936058
read      925.0  1864.0    86.8   162.5   186.0   294.8   342.6   375.1   404.5   456.1  3405.2  6248.9  7519.8  9418.4 12412.3  73682.0    85000  1778081937562  1778081939777
read      857.9  1806.1    80.4   151.1   172.3   278.7   313.5   335.7   354.4   385.7  2568.5  6214.9  7286.7  9299.8 11929.1  79740.0    95000  1778081941280  1778081943480
read      872.0  1821.9    80.4   153.5   173.9   283.5   321.0   344.9   366.3   397.5  2902.8  6223.9  7418.2  9374.7 11837.5  78523.0   105000  1778081944983  1778081947189
read      863.5  1815.7    74.4   152.5   173.6   279.8   316.5   339.6   359.7   391.0  2291.3  6225.1  7233.1  9219.7 13291.2  79102.0   115000  1778081948693  1778081950897
read      881.7  1833.9    74.4   155.7   178.3   281.7   324.1   353.0   377.1   417.4  3065.4  6226.4  7586.2  9392.4 12163.2  77533.0   125000  1778081952402  1778081954601
Warning! Detected max cpu usage > 95%
CPU Usage Stats (avg/min/max): 50.00%,0.00%,100.00%
