#type       avg     std     min      p5     p10     p50     p67     p75     p80     p85     p90     p95     p99    p999   p9999      QPS   target       ts_start         ts_end
read      239.9    87.1    93.8   160.9   174.0   230.9   255.8   268.9   278.2   291.8   310.7   340.7   421.2  1219.4  2036.5   5011.5     5000  1778080805825  1778080808084
read      253.3    78.4    86.8   157.8   175.0   248.7   274.9   290.4   301.2   314.5   332.1   361.9   438.5   705.8  2998.2  14886.5    15000  1778080809589  1778080811831
read      263.8    84.9    93.8   149.9   167.1   261.1   294.2   311.5   323.1   338.2   358.4   393.7   475.5   628.7  2006.6  25000.5    25000  1778080813336  1778080815537
read      262.4   102.8    80.4   138.2   153.8   258.6   298.2   318.0   331.9   346.3   369.8   406.0   482.3  1182.7  2422.9  35033.0    35000  1778080817042  1778080819242
read      263.3    97.4    74.4   133.7   149.4   256.7   303.9   326.9   342.0   361.5   387.5   427.2   505.0   633.7  1101.2  44954.9    45000  1778080820746  1778080822950
read      257.7   103.7    80.4   129.5   143.6   243.8   297.8   323.1   340.6   363.1   392.4   433.5   511.5   655.1  1616.8  55016.5    55000  1778080824455  1778080826658
read      256.7   100.2    74.4   126.8   141.1   241.4   296.7   323.2   341.2   365.0   396.1   439.7   528.2   661.4   873.4  65154.5    65000  1778080828162  1778080830364
read      257.2   111.1    74.4   126.1   140.3   236.1   293.2   322.2   342.5   368.9   402.6   452.8   558.1   759.8  1712.2  75261.0    75000  1778080831869  1778080834074
read      262.6   119.5    74.4   126.7   141.7   243.7   297.5   325.7   345.5   373.0   407.9   460.1   570.0   824.5  3132.8  84792.0    85000  1778080835579  1778080837781
read      271.4   108.4    80.4   133.0   149.0   254.1   307.9   336.2   358.0   384.9   419.1   469.5   576.5   757.0  1073.8  94633.0    95000  1778080839285  1778080841485
read      280.2   114.6    80.4   136.5   153.6   261.6   314.6   345.3   369.5   397.8   432.8   488.0   603.0   804.2  2037.1 104963.4   105000  1778080842990  1778080845191
read      339.1   183.6    80.4   141.8   162.1   299.2   374.4   420.2   454.5   497.1   559.1   685.6   939.4  1156.3  3231.7 115008.1   115000  1778080846695  1778080848896
read      529.9   210.7   101.3   281.1   321.2   475.4   555.8   632.1   701.3   774.6   846.1   932.0  1078.0  1265.5  5102.1 116770.4   125000  1778080850399  1778080852602
Warning! Detected max cpu usage > 95%
CPU Usage Stats (avg/min/max): 50.50%,1.01%,100.00%
