Random waveform, supplied seed
Total number of intervals = 100 (6927, 52892, 98921, 61129, 40613, 53226, 38560, 103465, 104758, 94759, 37799, 8296, 69443, 12517, 43591, 20430, 93758, 10485, 16518, 83230, 5484, 55611, 20774, 96726, 32442, 73039, 74055, 51197, 59442, 35654, 78747, 42212, 52488, 36950, 16762, 79473, 61431, 87172, 108181, 80515, 37149, 13444, 72057, 70041, 90162, 52082, 24258, 72013, 58012, 45398, 50177, 34504, 66010, 73937, 55020, 53235, 97743, 5419, 14764, 7451, 48208, 16149, 78989, 18886, 75954, 44409, 16431, 85707, 58253, 103867, 21604, 90401, 84467, 99700, 32052, 18173, 67789, 51929, 83850, 18614, 29315, 108090, 27024, 49907, 9150, 34328, 51881, 14569, 81517, 78694, 93409, 39093, 18729, 70818, 21942, 91810, 39588, 40957, 62645, 15539)
Average QPS expected = 52869
Timestamp start: 1778608682058
Timestamp end: 1778610182356

#type       avg     std     min      p5     p10     p50     p67     p75     p80     p85     p90     p95     p99    p999   p9999      QPS   target
read      237.1   116.3    93.8   164.6   179.3   232.0   250.2   260.4   267.7   275.0   288.4   308.5   367.9  1144.8  7320.4   6880.0     6927
read      305.1   349.1    80.4   132.0   147.2   264.1   317.9   346.0   367.1   392.7   429.3   505.8  1218.3  5422.4 10570.6  52879.4    52892
read      449.5   750.3    74.4   136.5   154.3   266.4   337.5   392.8   441.3   517.5   694.5  1397.7  3617.0  8670.0 14780.3  98881.4    98921
read      308.0   316.3    74.4   128.2   143.0   262.4   324.2   358.1   382.9   412.8   456.1   552.5  1260.8  4186.3  9742.9  61173.8    61129
read      293.3   231.0    80.4   136.5   152.2   270.0   317.3   342.2   360.5   381.8   410.5   466.4   906.0  3077.2  7923.8  40575.4    40613
read      299.1   277.0    74.4   129.6   144.6   264.4   320.5   351.1   372.7   399.1   435.0   506.8  1074.0  3589.1  9706.1  53124.2    53226
read      282.5   185.2    80.4   135.9   151.3   265.9   310.9   334.3   350.6   370.3   397.1   445.8   758.0  2546.6  7216.4  38591.5    38560
read      551.1   970.4    74.4   145.8   166.0   274.9   346.7   407.9   470.0   598.5  1041.3  2337.1  5281.9  9235.3 16783.4 103307.1   103465
read      626.8  1072.3    80.4   159.6   181.0   291.3   361.1   418.7   479.6   636.3  1468.2  3129.3  5991.0  9192.4 16484.8 104842.1   104758
read      548.5   886.3    74.4   145.8   165.8   283.2   362.8   431.7   509.3   699.1  1219.4  2019.1  4277.8  8871.3 15470.5  94706.1    94759
read      291.6   218.7    80.4   137.7   153.5   272.4   318.6   342.6   360.5   381.3   409.7   464.7   773.2  2783.3  7870.8  37791.1    37799
read      241.9   118.8    93.8   161.7   176.3   231.4   251.6   263.5   271.5   282.4   295.9   321.3   498.8  1555.8  5206.3   8290.3     8296
read      347.2   531.6    74.4   127.3   142.1   258.3   325.2   364.9   394.5   431.6   488.7   664.8  2356.7  7789.5 14041.0  69458.3    69443
read      254.1   129.1    86.8   157.2   175.2   244.2   268.2   281.5   291.5   303.7   319.3   347.9   525.3  1656.9  5034.1  12499.7    12517
read      302.0   293.6    80.4   135.6   151.4   272.5   324.0   350.9   370.4   394.1   426.8   491.0   994.3  3707.4 10514.4  43654.9    43591
read      272.5   161.4    86.8   151.0   169.0   262.1   292.3   309.0   320.1   335.6   355.0   391.4   622.3  2086.7  7506.0  20396.8    20430
read      468.5   866.6    74.4   137.3   155.1   265.4   335.0   388.8   435.7   508.8   685.1  1428.3  4850.3  9282.9 17533.2  93886.7    93758
read      251.9   200.4    86.8   157.7   174.8   235.6   258.0   270.4   279.5   291.2   307.2   336.5   629.4  2673.9  7908.6  10473.0    10485
read      260.1   152.6    86.8   152.5   170.7   248.3   274.7   289.9   300.4   314.1   332.6   366.9   623.6  1804.4  7074.9  16523.7    16518
read      374.3   597.3    74.4   127.7   142.9   254.3   324.1   369.2   403.6   451.2   532.3   821.9  2966.5  7970.5 13226.8  83320.6    83230
read      243.3   154.2   101.3   165.8   180.2   230.5   249.0   259.7   267.8   276.5   291.7   318.0   508.6  1757.3  7359.2   5480.3     5484
read      304.4   290.5    74.4   129.4   144.5   265.0   323.3   355.2   378.1   405.8   447.0   533.6  1174.0  3812.2  8965.4  55518.7    55611
read      276.6   157.3    86.8   151.2   170.3   264.9   296.6   314.4   327.5   343.3   366.5   406.0   613.6  2045.0  6824.3  20792.8    20774
read      445.8   766.3    74.4   138.8   156.3   267.6   339.4   394.0   441.5   514.1   671.9  1271.5  3711.5  8983.3 16412.9  96590.0    96726
read      299.8   213.6    80.4   148.3   164.5   279.3   322.7   345.7   363.2   383.6   411.4   466.2   849.7  2873.7  7688.9  32406.3    32442
read      348.3   483.0    74.4   133.8   149.6   264.2   333.3   374.2   404.8   444.3   503.6   685.0  2066.8  7131.5 13052.2  73083.3    73039
read      365.3   583.4    80.4   129.3   144.9   262.3   330.0   371.5   402.8   443.5   506.3   722.4  2689.8  8102.3 13795.5  74080.5    74055
read      311.5   315.9    74.4   133.4   149.1   273.5   329.7   360.0   381.8   407.8   446.2   529.8  1202.4  4777.3  9281.3  51218.5    51197
read      317.2   302.6    74.4   130.3   145.8   269.7   331.6   365.7   390.8   421.9   467.1   589.6  1428.3  3835.8  8278.0  59485.9    59442
read      290.9   181.5    80.4   138.9   155.1   275.4   319.3   342.2   359.0   378.0   404.1   457.5   799.1  2586.7  5410.2  35678.4    35654
read      365.8   560.6    74.4   126.7   141.6   256.6   326.5   370.5   403.8   448.2   521.4   774.5  2735.5  7880.1 11606.8  78777.3    78747
read      287.5   201.5    74.4   134.7   150.6   269.6   315.9   339.7   357.1   377.1   404.3   460.2   805.5  2687.5  7608.1  42315.1    42212
read      278.7   162.5    80.4   134.5   149.9   264.9   316.0   341.0   359.0   379.3   405.0   453.1   637.4  1799.2  6587.9  52540.7    52488
read      274.5   122.1    74.4   142.2   158.5   271.0   310.5   330.2   343.6   360.4   380.5   414.2   530.7  1439.1  3714.2  36932.1    36950
read      255.4   106.0    86.8   156.7   175.9   252.4   275.7   289.0   297.3   309.6   322.5   346.2   431.0  1146.4  4337.2  16789.7    16762
read      289.6   262.0    74.4   131.0   145.4   247.5   305.0   336.7   360.6   391.0   434.5   524.5  1044.8  3301.8  8090.5  79472.8    79473
read      287.7   205.5    74.4   136.5   151.2   260.5   315.4   343.7   364.4   389.0   422.6   484.6   807.2  2782.8  5853.6  61432.1    61431
read      366.5   545.7    74.4   132.9   148.8   259.1   323.7   365.9   400.2   449.8   536.2   787.3  2703.0  7559.6 12077.0  87261.3    87172
read      621.3  1041.3    74.4   163.8   184.9   288.5   367.2   442.0   534.8   823.6  1474.0  2756.3  5091.1 10364.7 18466.4 108181.1   108181
read      445.5   793.3    74.4   136.0   153.6   271.4   345.1   396.1   437.8   500.6   635.9  1267.3  3762.4 10003.7 15595.8  80597.6    80515
read      302.1   214.7    74.4   142.5   159.5   281.0   328.0   352.4   369.4   390.5   419.3   478.5   920.5  2770.5  7058.9  37122.0    37149
read      266.1   118.9    93.8   162.5   182.5   258.8   283.8   296.9   308.3   319.8   338.1   369.2   508.9  1457.7  4034.2  13411.6    13444
read      377.1   593.5    74.4   134.5   150.6   265.6   333.7   375.6   407.6   450.3   521.4   773.2  2868.3  8042.4 12727.7  71997.7    72057
read      373.7   645.3    74.4   127.9   143.3   260.9   326.8   367.5   398.5   438.2   504.3   739.9  2944.1  8950.0 15593.2  70014.0    70041
read      427.1   767.2    74.4   130.4   147.2   264.3   336.7   389.5   433.5   498.7   634.7  1129.0  3443.1 10251.0 16495.2  90106.3    90162
read      320.7   345.4    74.4   130.0   145.6   269.5   327.1   358.5   381.5   410.2   454.6   587.0  1629.6  4999.0  8834.1  52048.6    52082
read      280.7   163.3    80.4   146.8   165.4   269.3   303.0   320.3   334.1   349.0   371.1   414.5   678.9  2214.6  7119.1  24300.5    24258
read      387.9   661.7    74.4   131.8   148.1   266.8   334.6   376.5   409.3   454.3   535.4   823.3  3009.7  9004.3 15190.1  71917.7    72013
read      357.7   485.4    74.4   130.2   146.4   272.0   337.1   374.7   403.8   444.0   515.6   756.9  2198.5  7170.6 13372.1  57964.9    58012
read      321.0   384.4    74.4   131.0   146.9   268.3   321.5   350.7   372.2   399.5   441.1   568.9  1700.6  5623.0 11057.0  45287.9    45398
read      316.6   279.9    74.4   131.4   147.5   272.7   329.9   361.4   384.4   413.2   458.3   594.8  1452.8  3468.9  7695.2  50149.9    50177
read      307.4   299.2    80.4   138.9   155.9   277.5   321.1   344.3   361.9   382.8   413.2   489.2  1220.3  4067.2  8751.4  34488.7    34504
read      364.5   602.2    74.4   126.7   142.0   261.7   326.9   365.7   395.1   433.2   497.2   709.2  2806.7  8113.0 15055.7  66177.1    66010
read      390.9   665.9    74.4   130.0   146.5   266.6   335.5   378.5   412.2   457.7   538.2   808.9  3247.7  8532.7 14561.0  74024.5    73937
read      328.5   383.3    74.4   129.1   144.7   268.6   328.9   362.1   386.5   417.3   464.4   621.8  1737.2  5889.3  9461.7  54935.9    55020
read      337.1   398.0    74.4   130.1   146.1   272.8   333.5   366.7   391.8   424.1   475.0   657.1  1857.1  5829.1 10425.7  53297.5    53235
read      568.9   979.1    74.4   146.3   167.9   289.0   369.0   434.8   505.5   664.7  1191.9  2354.0  4545.5 11187.2 16693.0  97782.6    97743
read      245.5   193.2    93.8   166.2   180.4   231.6   250.6   261.9   270.1   280.3   294.5   320.7   517.3  1729.7  7968.2   5413.2     5419
read      267.5   108.9    93.8   160.6   180.8   261.6   287.8   302.0   312.6   324.7   342.3   372.6   501.5  1262.7  4063.6  14826.9    14764
read      249.2   157.6    93.8   166.0   182.3   239.6   260.0   271.1   279.5   290.3   304.3   329.5   450.8  1703.6  7744.8   7463.5     7451
read      300.1   185.0    74.4   136.0   151.9   276.6   331.9   361.4   382.5   407.2   443.7   514.4   864.6  2281.8  4966.8  48082.2    48208
read      268.2   106.7    93.8   160.7   180.2   261.3   288.9   304.3   315.3   329.1   346.1   379.7   522.0  1197.1  3060.0  16127.7    16149
read      344.9   390.4    74.4   133.0   149.3   267.0   338.2   383.5   419.0   464.4   540.5   713.5  1820.4  5488.0  9339.3  78888.9    78989
read      273.5   116.5    86.8   156.0   176.2   266.2   295.5   311.9   322.9   338.0   357.7   393.7   562.9  1360.4  4053.0  18871.9    18886
read      330.3   360.2    74.4   129.1   144.3   261.6   330.6   372.5   404.6   446.6   507.3   664.3  1712.7  4364.3  9532.7  75944.3    75954
read      291.2   184.2    80.4   134.5   150.4   272.3   321.5   347.6   367.3   390.9   423.3   483.8   795.4  2262.2  6481.0  44487.1    44409
read      261.7    87.4    86.8   161.9   181.8   262.4   285.4   296.9   306.5   316.3   330.4   351.2   404.4   725.1  3912.2  16428.8    16431
read      252.7   116.1    74.4   129.0   142.4   234.6   286.7   313.1   331.3   351.7   376.9   419.1   558.5  1100.5  2712.8  85653.0    85707
read      259.6   105.4    74.4   134.2   148.9   252.9   301.4   323.9   338.9   355.7   374.6   403.6   473.5   740.4  2951.0  58300.5    58253
read      260.6   145.3    74.4   131.0   145.0   236.2   287.7   315.1   334.6   357.2   386.7   438.6   674.3  1734.0  4023.8 103773.7   103867
read      257.1    89.0    80.4   152.3   170.2   259.4   284.1   296.2   306.0   316.1   330.1   350.0   401.1   631.2  3039.1  21612.8    21604
read      250.2   118.3    74.4   125.5   139.1   232.0   284.5   311.5   329.9   350.5   376.1   419.0   557.6  1086.1  3317.3  90306.3    90401
read      251.9   125.8    74.4   126.3   139.8   233.8   286.6   313.3   331.5   351.7   376.4   417.7   549.3  1287.8  3792.4  84435.1    84467
read      258.2   133.5    74.4   130.6   144.5   235.2   286.9   314.3   333.7   356.1   385.2   433.8   646.2  1550.5  3065.1  99628.7    99700
read      262.3    93.0    80.4   144.9   161.8   264.5   297.0   313.0   323.6   337.0   352.6   375.0   431.2   655.9  2914.3  32082.5    32052
read      253.1    86.6    86.8   154.5   173.5   253.3   275.3   287.9   295.8   307.1   319.3   342.0   400.8  1023.6  3222.1  18252.9    18173
read      254.5   114.1    74.4   129.2   143.0   243.3   294.7   319.3   336.1   354.6   376.4   409.9   494.1   748.6  2901.6  67873.8    67789
read      262.4   100.9    80.4   138.1   152.6   258.4   303.7   324.7   338.9   354.9   373.3   402.1   469.2   690.8  2489.3  51895.4    51929
read      251.4   111.6    74.4   127.8   141.2   234.7   287.5   314.4   332.6   352.8   377.6   417.3   528.2   875.2  2705.8  83697.1    83850
read      260.1    95.6    80.4   156.8   175.6   261.1   285.4   297.4   307.2   317.1   331.5   352.1   403.8   775.1  3776.7  18622.2    18614
read      257.4    93.9    80.4   144.4   161.6   259.4   289.0   303.9   314.1   325.8   340.8   364.8   422.1   703.2  3813.4  29316.9    29315
read      256.3   141.6    74.4   126.3   140.0   232.2   284.0   311.6   331.0   353.9   384.9   442.2   678.0  1451.1  3862.6 107962.7   108090
read      259.7    88.8    80.4   149.2   166.1   262.5   290.1   304.1   313.6   324.3   339.3   362.3   416.2   688.1  2877.3  27042.0    27024
read      254.0    97.6    80.4   131.4   145.8   252.6   294.5   313.8   326.9   341.4   360.4   388.6   457.0   676.5  2732.9  49892.5    49907
read      245.8   112.0    93.8   165.5   183.3   242.7   261.5   271.1   278.1   287.7   297.3   317.8   372.5  1151.5  5031.1   9203.3     9150
read      263.9    99.1    80.4   144.4   160.8   266.3   300.5   316.6   328.1   340.6   356.9   379.8   433.7   651.1  3145.7  34277.7    34328
read      259.4   104.7    80.4   135.6   150.3   255.8   301.0   321.6   335.7   350.9   369.7   397.7   462.7   678.8  3516.4  51809.5    51881
read      246.8    82.6    86.8   156.8   175.9   245.5   267.1   278.1   286.9   295.7   309.9   330.9   387.9  1019.3  3262.7  14587.9    14569
read      247.4   113.8    74.4   124.1   137.6   232.2   284.0   309.6   326.8   345.7   370.2   406.8   523.7   965.8  2715.0  81464.0    81517
read      248.5   108.1    80.4   124.8   138.4   234.4   286.5   312.1   329.3   347.9   371.6   408.0   513.3   833.0  2782.1  78802.9    78694
read      253.7   134.3    74.4   126.6   140.2   232.6   285.1   312.5   331.4   352.9   380.0   425.5   605.8  1453.7  3534.3  93461.9    93409
read      257.5    94.0    74.4   137.7   152.8   259.6   295.2   312.3   323.6   337.4   353.8   378.4   436.1   670.3  2639.0  39149.7    39093
read      250.5    84.4    80.4   153.2   171.9   251.3   274.2   286.7   294.7   305.5   317.7   339.1   391.1   644.4  3316.4  18697.3    18729
read      250.9   112.5    74.4   126.2   139.8   237.8   289.9   314.9   331.8   350.1   372.8   407.3   501.2   928.3  3181.8  70735.4    70818
read      266.8    96.4    86.8   157.4   175.8   269.3   295.0   308.7   317.5   329.1   342.6   365.8   418.1   651.5  3033.6  21869.7    21942
read      256.5   130.1    74.4   129.6   143.3   236.0   288.4   315.4   334.1   355.4   382.3   427.5   606.6  1386.9  3537.2  91788.9    91810
read      259.3    89.2    80.4   139.5   155.0   261.6   297.4   314.4   325.9   339.1   355.6   379.2   435.7   630.1  2687.6  39586.4    39588
read      262.6    99.3    80.4   138.8   154.2   263.9   302.5   320.3   333.3   346.3   364.8   391.3   453.5   651.0  2791.5  40842.0    40957
read      251.9   103.0    74.4   128.7   142.4   243.6   292.2   315.1   330.6   346.9   368.4   399.4   478.7   728.9  2692.0  62568.5    62645
read      250.9    79.9    80.4   157.1   176.4   250.5   272.7   285.0   293.2   303.7   316.6   338.8   393.7   823.6  2845.9  15541.3    15539

Total QPS = 52861.9 (79292808 / 1500.0s)

Total connections = 64
Misses = 0 (0.0%)
Skipped TXs = 0 (0.0%)

RX 19585323823 bytes :   12.5 MB/s
TX          0 bytes :    0.0 MB/s
Warning! Detected max cpu usage > 95%
CPU Usage Stats (avg/min/max): 100.00%,50.00%,100.00%
