#type       avg     std     min      p5     p10     p50     p67     p75     p80     p85     p90     p95     p99    p999   p9999     QPS   target
read      427.2   581.5   101.3   167.2   188.0   272.0   297.4   316.8   336.4   395.4   740.1  1675.8  2668.4  7476.4  9159.4   4950.2     5000
read      517.8   627.4   109.4   186.0   212.1   319.2   363.3   403.8   645.5   758.2  1022.9  1713.1  2658.3  7781.5  9239.2   9955.8    10000
read      601.8   629.2   101.3   195.7   226.5   369.8   457.3   681.6   778.0   975.2  1629.2  1766.7  2643.5  7720.7  9843.2  14950.0    15000
read      707.0   654.8   109.4   211.1   248.4   445.8   701.0   842.9  1011.1  1223.2  1687.4  1864.4  2649.8  7655.6  9937.9  19958.2    20000
read     3281.4  1539.9   137.8  1312.8  1389.5  3364.8  3488.2  3612.9  3692.7  3801.0  4860.7  6783.1  8056.5 10127.3 14135.6  21660.6    25000
read     3420.3  1548.8   148.8  1369.8  1453.1  3448.5  3611.8  3690.2  3739.2  3945.1  5109.8  6945.1  8081.2 12611.7 15044.1  20890.0    30000
read     3430.0  1545.6   173.5  1379.7  1456.5  3456.0  3618.1  3694.9  3742.8  3966.5  5169.9  6971.9  8087.3 10194.8 14745.9  20862.8    35000
read     3339.7  1542.3   160.7  1329.8  1420.0  3397.6  3560.5  3656.8  3717.0  3858.5  4917.7  6866.2  8083.5 10206.3 13595.8  21470.4    40000
read     3369.0  1543.0   137.8  1337.9  1426.8  3412.3  3577.2  3668.2  3725.1  3927.0  5074.4  6898.4  8065.1 10082.5 16368.5  21245.0    45000
read     3418.9  1546.0   173.5  1370.3  1448.7  3443.3  3611.3  3693.8  3745.3  3983.4  5139.5  6971.0  8065.8 10168.3 15771.1  20969.4    50000
read     3336.9  1554.2   187.4  1327.6  1410.5  3396.0  3554.5  3655.9  3719.3  3886.2  4893.3  6825.6  8088.5 10759.2 15838.4  21433.2    55000
read     3446.0  1572.3   160.7  1387.8  1462.6  3458.1  3624.4  3703.1  3752.2  4035.9  5177.5  6943.9  8105.4 13237.4 17123.9  20817.4    60000
read     3419.1  1546.2   275.4  1368.0  1450.3  3447.3  3614.2  3694.7  3745.0  3975.2  5132.7  6989.6  8086.8 10210.3 15745.3  20969.2    65000
read     3415.7  1544.8   160.7  1361.3  1445.3  3436.7  3608.8  3694.4  3747.9  4038.5  5163.8  6955.7  8077.2 10089.5 13310.3  20945.8    70000
read     3375.7  1559.8   297.4  1355.6  1437.0  3417.3  3583.6  3671.6  3726.6  3932.2  5063.3  6897.0  8083.3 11994.8 15763.0  21258.0    75000
read     3412.2  1529.7   255.0  1373.3  1454.2  3445.4  3609.8  3689.5  3739.4  3933.9  5056.3  6950.3  8072.2 10226.6 14680.9  21013.8    80000
Warning! Detected max cpu usage > 95%
CPU Usage Stats (avg/min/max): 66.36%,0.50%,100.00%
