#type       avg     std     min      p5     p10     p50     p67     p75     p80     p85     p90     p95     p99    p999   p9999     QPS   target
read      418.6   546.5   109.4   168.0   189.0   275.1   299.6   317.7   337.5   393.7   727.5  1656.4  2638.1  7370.6 11541.5   4942.8     5000
read      520.5   611.9   101.3   186.6   212.8   323.0   366.7   410.1   646.8   767.8  1067.3  1712.7  2648.9  7706.2 10651.3  10057.6    10000
read      592.3   621.6   109.4   198.2   226.8   365.3   448.1   679.4   776.9   951.4  1620.3  1745.1  2603.3  7518.0 14043.7  14983.0    15000
read      728.9   683.5   109.4   213.2   254.7   461.9   711.0   881.1  1040.2  1282.7  1698.2  1867.3  2697.1  7748.7 11071.5  20012.4    20000
read     3272.9  1536.3   160.7  1305.5  1387.0  3365.2  3500.5  3623.5  3700.5  3868.5  4866.9  6769.5  8041.0  9878.6 12610.0  21753.2    25000
read     3363.8  1551.6   148.8  1342.1  1431.7  3405.3  3573.0  3668.3  3728.0  3971.8  5047.1  6917.8  8072.4 10234.7 14881.8  21254.6    30000
read     3321.7  1542.9   187.4  1316.4  1403.7  3378.0  3532.0  3644.8  3715.4  3954.0  4959.6  6841.8  8066.3 10209.8 13374.8  21557.6    35000
read     3216.8  1553.4   187.4  1285.6  1351.6  3333.4  3456.4  3557.9  3660.9  3764.0  4734.7  6712.3  8045.3 10220.2 14886.8  22235.4    40000
read     3312.2  1555.0   160.7  1317.3  1397.5  3371.4  3512.1  3633.5  3709.4  3966.4  4951.3  6805.4  8076.9 10226.5 14953.2  21608.4    45000
read     3333.9  1533.6   173.5  1324.2  1411.2  3385.6  3537.0  3648.0  3717.4  3968.0  4980.0  6837.6  8042.6 10022.6 13694.5  21420.0    50000
read     3422.1  1530.5   187.4  1377.2  1457.2  3454.1  3618.5  3696.5  3745.2  3969.3  5153.1  6928.3  8088.0 10069.5 13551.6  20924.6    55000
read     3382.8  1529.7   148.8  1349.3  1438.6  3422.1  3589.7  3677.6  3732.6  3953.1  5079.2  6901.2  8063.4 10023.4 13640.5  21167.2    60000
read     3335.3  1549.7   218.6  1317.6  1405.4  3386.5  3541.2  3647.2  3713.4  3902.8  5033.6  6900.6  8056.0  9930.6 12696.3  21507.4    65000
read     3371.2  1562.5   187.4  1332.5  1421.6  3410.3  3578.9  3672.4  3730.9  3957.9  5033.5  6860.4  8097.4 13043.6 14964.7  21280.6    70000
read     3329.0  1566.1   173.5  1317.2  1398.0  3382.6  3537.9  3650.9  3721.5  4009.8  4990.8  6836.4  8067.9 10405.4 20103.4  21550.6    75000
read     3264.1  1549.5   236.1  1291.1  1366.1  3352.3  3475.7  3593.7  3680.4  3767.1  4842.8  6786.0  8041.7 10166.2 14513.4  21886.4    80000
Warning! Detected max cpu usage > 95%
CPU Usage Stats (avg/min/max): 65.93%,1.00%,100.00%
