#type       avg     std     min      p5     p10     p50     p67     p75     p80     p85     p90     p95     p99    p999   p9999     QPS   target
read      427.3   529.6   109.4   170.3   192.2   280.9   308.4   326.8   345.7   424.1   738.1  1670.1  2613.8  7359.7  8086.1   4991.6     5000
read      516.5   579.6   101.3   184.2   212.4   323.4   368.3   412.2   648.4   770.3  1065.0  1710.2  2619.2  7408.9  9138.2  10021.0    10000
read      998.3  1622.4   101.3   201.0   237.5   394.2   677.4   905.9  1184.8  1691.2  2034.9  3695.6  8024.0 15620.6 22459.6  14901.6    15000
read      721.9   665.3   109.4   212.7   250.0   456.4   706.3   877.5  1041.6  1278.6  1703.3  1867.8  2671.4  7667.5  9406.2  19985.8    20000
read     3311.3  1564.3   148.8  1299.0  1399.5  3404.4  3576.2  3671.8  3731.5  3921.9  4952.7  6862.9  8062.4 10135.7 14900.1  21250.4    25000
read     3309.4  1540.1   187.4  1317.7  1401.5  3376.4  3515.5  3636.0  3711.3  3924.1  4902.9  6865.4  8049.1  9980.2 14840.3  21624.4    30000
read     3291.1  1533.2   173.5  1310.1  1389.4  3369.5  3504.7  3626.2  3702.1  3851.2  4802.1  6861.2  8043.0  9779.9 12490.2  21786.0    35000
read     3379.0  1543.9   297.4  1342.5  1431.1  3414.8  3586.1  3678.5  3736.2  4029.6  5138.9  6892.2  8065.4 10046.0 13128.2  21177.8    40000
read     3364.0  1557.4   202.4  1333.9  1420.7  3408.3  3576.9  3672.2  3731.8  4035.1  5054.3  6903.4  8074.5 10184.2 16381.3  21317.0    45000
read     3407.0  1559.6   160.7  1357.0  1442.5  3431.2  3599.1  3685.0  3738.7  3954.6  5061.9  6928.6  8092.6 12852.0 14958.7  21053.6    50000
read     3351.1  1561.9   160.7  1333.5  1417.9  3393.6  3550.3  3654.1  3719.0  3914.7  5009.3  6921.5  8087.0 10724.8 14937.3  21433.4    55000
read     3352.3  1541.2   173.5  1342.9  1425.4  3401.2  3567.2  3666.1  3727.9  3951.8  5057.0  6865.9  8070.8 10248.2 14588.6  21391.4    60000
read     3353.1  1538.4   297.4  1349.7  1433.3  3398.8  3556.2  3653.6  3714.5  3850.0  5017.4  6852.9  8068.7 10246.3 14132.8  21366.6    65000
read     3297.2  1547.9   187.4  1316.2  1395.8  3367.2  3494.4  3616.7  3693.1  3769.5  4897.5  6862.6  8046.6 10068.9 14341.9  21776.2    70000
read     4383.4  3031.3   187.4  1359.2  1466.7  3545.2  3955.7  5180.9  6483.3  7288.2  7783.1  8627.1 15930.3 31016.8 44776.5  16807.6    75000
read     3229.5  1560.1   118.1  1263.3  1345.2  3333.7  3467.3  3591.0  3690.9  4028.3  4779.6  6646.5  8059.6 10226.4 16161.5  22180.4    80000
Warning! Detected max cpu usage > 95%
CPU Usage Stats (avg/min/max): 66.73%,1.00%,100.00%
