#type       avg     std     min      p5     p10     p50     p67     p75     p80     p85     p90     p95     p99    p999   p9999     QPS   target
read      302.0    82.0   118.1   185.3   206.0   298.1   327.3   343.3   356.1   370.4   391.7   427.4   509.3   796.0  2076.9   5014.8     5000
read      342.4   135.1   101.3   193.3   217.7   339.7   373.2   393.1   406.3   426.0   450.7   490.7   608.1  1148.8  5133.1   9980.4    10000
read      371.5   126.3   109.4   200.2   223.9   369.6   410.3   433.3   451.3   470.6   499.8   551.4   680.4  1083.7  3084.3  14942.4    15000
read      388.5   149.9   109.4   201.2   224.1   384.9   432.4   458.7   477.2   500.9   537.9   606.1   738.3  1123.7  5127.4  20017.8    20000
read      420.8   159.0   118.1   207.4   233.9   408.5   465.6   498.1   525.9   566.2   620.4   692.7   848.1  1176.4  4343.1  24998.4    25000
read      467.7   247.2   109.4   215.9   247.4   425.4   495.4   547.2   595.2   647.6   712.3   827.7  1310.6  2344.8  7452.3  30016.4    30000
read     2303.5  1149.2   137.8  1453.2  1617.5  2118.0  2277.2  2352.2  2423.4  2519.2  2703.8  4101.8  7925.5  9714.7 12170.2  30468.8    35000
read     2398.7  1175.2   173.5  1618.3  1714.8  2157.9  2313.8  2396.0  2479.3  2562.7  2780.1  4175.3  7967.6 10876.4 15672.8  29895.8    40000
read     2369.9  1128.4   202.4  1600.3  1698.9  2141.5  2294.2  2366.5  2447.7  2538.2  2740.3  4116.9  7939.6  9808.7 13918.3  30179.0    45000
read     2399.0  1145.4   202.4  1576.2  1689.3  2173.5  2327.0  2415.3  2494.0  2582.4  2781.9  4218.7  7944.0  9818.7 12552.7  29868.4    50000
read     2366.2  1148.0   187.4  1589.5  1692.5  2131.4  2283.0  2357.2  2434.4  2532.3  2738.9  4112.2  7942.4 10458.9 14950.3  30243.6    55000
read     2305.6  1098.8   173.5  1551.7  1659.1  2083.2  2232.4  2311.9  2361.7  2464.1  2643.8  4007.9  7914.6  9468.1 11892.9  30896.8    60000
read     2339.5  1144.1   173.5  1567.9  1670.2  2106.6  2263.3  2341.5  2405.9  2506.1  2697.4  4089.5  7941.1 10741.8 17721.9  30505.2    65000
read     2329.3  1135.0   187.4  1543.2  1653.6  2111.7  2262.2  2334.4  2384.4  2486.2  2645.1  4050.6  7955.4  9958.2 11899.9  30801.4    70000
read     2388.3  1176.1   202.4  1584.4  1690.8  2151.0  2310.5  2394.3  2480.9  2569.7  2772.5  4138.9  7971.6 10618.4 15020.9  30081.2    75000
read     2360.8  1153.2   202.4  1577.3  1681.2  2134.2  2287.8  2359.4  2432.1  2520.9  2708.1  4119.9  7951.0 10148.7 14975.8  30387.4    80000
Warning! Detected max cpu usage > 95%
CPU Usage Stats (avg/min/max): 66.03%,0.51%,100.00%
