#type       avg     std     min      p5     p10     p50     p67     p75     p80     p85     p90     p95     p99    p999   p9999     QPS   target
read      299.3    99.9   118.1   184.0   205.0   296.2   323.3   338.9   349.7   365.0   385.0   421.1   502.6   786.1  4319.8   4952.2     5000
read      344.2   152.3   118.1   195.5   220.9   339.7   372.6   392.2   404.8   425.1   449.9   488.5   590.6  1973.7  6306.8   9934.6    10000
read      366.5   120.4   109.4   199.6   223.0   365.6   404.5   427.8   444.1   463.6   490.6   537.3   672.2   984.2  2883.0  14990.4    15000
read      385.3   132.8   109.4   202.0   225.0   382.9   428.5   454.0   471.1   495.2   528.0   595.0   732.2  1133.2  3172.1  20008.8    20000
read      410.0   256.5   109.4   204.3   225.7   388.2   441.5   470.1   493.9   523.8   573.2   653.3   955.1  3904.9  7820.2  25042.4    25000
read      479.6   373.6   101.3   215.7   243.3   414.6   480.8   525.8   570.3   629.7   697.2   841.0  1877.1  4388.0  8076.4  30063.2    30000
read     2348.1  1144.1   137.8  1540.9  1667.4  2142.9  2299.2  2371.6  2453.1  2538.2  2726.6  4177.8  7931.6  9321.3 11620.6  30113.2    35000
read     2298.1  1102.7   202.4  1538.4  1648.8  2083.1  2230.9  2310.4  2360.1  2459.3  2623.8  3987.7  7915.0  9488.2 12991.0  30981.0    40000
read     2280.1  1119.2   160.7  1498.9  1616.9  2055.5  2211.5  2298.1  2352.3  2454.9  2662.2  4004.9  7915.6  9520.4 13816.4  31284.4    45000
read     2368.8  1110.7   160.7  1593.7  1693.8  2145.4  2299.8  2372.5  2454.0  2538.1  2732.8  4144.5  7923.5  9307.8 11767.2  30065.0    50000
read     2378.7  1125.4   187.4  1623.3  1718.5  2145.5  2296.8  2369.3  2455.1  2547.7  2752.2  4126.8  7944.9  9916.3 12744.2  30042.8    55000
read     2373.2  1127.2   202.4  1596.2  1698.1  2147.2  2301.6  2373.8  2458.7  2545.2  2739.1  4128.5  7939.0  9926.9 12883.3  30107.4    60000
read     2335.1  1116.3   173.5  1573.8  1679.7  2111.1  2260.5  2333.8  2384.6  2488.3  2656.6  4050.0  7933.3  9408.8 12657.3  30647.2    65000
read     2317.2  1129.0   236.1  1548.9  1657.7  2089.2  2237.1  2314.9  2363.5  2467.7  2657.9  4035.5  7933.2  9713.9 13118.9  30889.0    70000
read     2306.7  1130.6   218.6  1547.9  1653.6  2073.1  2220.6  2302.4  2353.4  2451.8  2641.8  4031.1  7937.2  9859.0 13736.0  31072.1    75000
read     2286.5  1114.7   255.0  1520.3  1632.1  2053.7  2205.7  2297.3  2354.5  2463.4  2685.0  3958.1  7921.7  9542.1 12186.8  31240.2    80000
Warning! Detected max cpu usage > 95%
CPU Usage Stats (avg/min/max): 65.83%,0.50%,100.00%
