#type       avg     std     min      p5     p10     p50     p67     p75     p80     p85     p90     p95     p99    p999   p9999     QPS   target
read      301.0   111.7   109.4   179.8   202.6   297.7   325.0   340.2   351.3   365.9   385.2   418.4   507.4  1230.9  4655.5   5064.0     5000
read     1948.7  3226.3   118.1   204.7   237.0   374.1   456.0  1269.2  3737.0  5817.8  7473.0  8930.5 14279.8 17504.0 23107.5   9804.2    10000
read      366.6   167.2   109.4   198.4   222.4   365.8   403.2   425.1   439.8   460.1   485.7   528.3   649.3  1372.1  7394.9  15013.2    15000
read      385.3   146.3   101.3   204.6   227.6   382.3   427.0   451.8   468.6   491.8   521.9   585.3   726.0  1764.5  4405.0  19956.2    20000
read      407.4   182.1   118.1   206.9   231.7   396.6   448.0   476.3   498.4   527.0   573.9   655.1   815.6  2218.2  7133.3  24991.8    25000
read      855.9   949.7   118.1   223.2   260.5   470.7   635.7   869.8  1546.2  1830.2  2052.7  2346.6  4150.1  8070.7 10200.2  30085.8    30000
read     2226.4  1154.3   127.6  1345.8  1553.4  2058.8  2212.2  2296.6  2349.3  2442.2  2601.8  3972.3  7920.9  9583.4 12377.3  31137.7    35000
read     2333.8  1121.6   173.5  1560.8  1668.6  2104.2  2257.0  2333.8  2389.5  2497.4  2697.8  4075.6  7925.0  9538.2 13401.5  30599.2    40000
read     2343.1  1114.3   187.4  1576.5  1680.4  2119.5  2271.4  2345.4  2409.9  2509.3  2697.0  4070.6  7927.2  9589.3 12216.4  30470.8    45000
read     2299.6  1117.0   187.4  1522.5  1632.9  2081.4  2234.5  2314.9  2365.2  2473.2  2672.2  4016.5  7919.3  9866.4 14469.5  30943.0    50000
read     2245.2  1130.5   173.5  1444.7  1561.0  2018.0  2179.7  2271.9  2332.9  2425.2  2650.2  3919.7  7927.5  9765.6 12794.1  31887.6    55000
read     2333.7  1129.0   173.5  1536.4  1647.0  2104.8  2263.8  2341.6  2407.3  2512.7  2722.9  4104.4  7937.6  9726.6 12293.2  30635.0    60000
read     2344.8  1128.2   187.4  1581.4  1682.0  2117.5  2268.9  2341.0  2398.4  2497.6  2674.5  4092.2  7942.2  9945.2 12602.1  30559.0    65000
read     2324.3  1119.0   160.7  1542.8  1655.3  2106.6  2260.5  2337.4  2395.8  2495.2  2664.5  4047.7  7932.7  9900.1 12790.6  30713.4    70000
read     2240.1  1097.2   160.7  1460.9  1568.8  2032.9  2175.1  2259.4  2318.4  2381.1  2574.2  3929.8  7903.8  9315.6 11593.1  31783.6    75000
read     2291.9  1125.2   187.4  1509.9  1621.9  2070.6  2215.4  2297.4  2348.6  2444.2  2653.4  4040.3  7924.0  9852.2 14566.3  31195.6    80000
Warning! Detected max cpu usage > 95%
CPU Usage Stats (avg/min/max): 67.47%,1.49%,100.00%
