#type       avg     std     min      p5     p10     p50     p67     p75     p80     p85     p90     p95     p99    p999   p9999     QPS   target
read      458.5   606.6   109.4   183.6   203.8   291.4   319.3   341.0   364.8   653.0   794.3  1687.2  2676.1  7684.0  8110.6   5031.6     5000
read      543.9   618.4   101.3   193.7   220.3   335.4   381.6   434.5   689.2   808.1  1311.1  1734.6  2663.3  7601.6  9192.0  10002.6    10000
read      616.5   631.4   101.3   201.1   232.1   381.6   469.4   703.5   806.0  1010.0  1636.0  1796.4  2635.5  7605.1  9270.7  15069.2    15000
read      709.2   650.6   118.1   209.7   247.0   448.8   703.0   843.9  1024.3  1233.1  1697.6  1867.6  2645.8  7633.0  9046.3  19990.0    20000
read     3461.6  1534.2   160.7  1387.6  1469.7  3510.1  3648.1  3713.0  3753.6  3956.4  5166.0  7096.7  8075.4 10142.5 13322.2  20560.4    25000
read     3383.3  1522.2   160.7  1342.7  1431.6  3433.5  3595.3  3676.4  3727.1  3858.1  4949.8  6923.7  8053.4 10120.8 13838.2  21073.2    30000
read     3481.0  1555.8   202.4  1401.7  1487.6  3501.8  3643.8  3710.7  3752.4  3977.9  5144.3  7124.8  8097.6 12623.9 15317.0  20654.4    35000
read     3461.0  1535.3   187.4  1389.1  1474.3  3499.4  3642.0  3709.1  3751.1  3945.9  5069.2  7035.2  8084.2 10896.6 15894.8  20722.4    40000
read     3518.8  1493.4   173.5  1425.7  1526.7  3541.2  3666.4  3725.3  3762.1  3956.4  5126.7  7107.5  8070.0 10201.1 14481.6  20365.0    45000
read     3460.5  1564.9   202.4  1387.3  1470.9  3487.2  3632.7  3700.9  3743.5  3928.4  5101.4  7055.0  8107.6 14131.7 15623.5  20691.8    50000
read     3337.7  1624.3   218.6  1332.6  1410.0  3390.9  3536.5  3637.4  3700.4  3763.5  4894.2  6818.3  8240.1 14553.7 17640.2  21610.8    55000
read     3464.4  1536.6   173.5  1388.1  1470.0  3491.6  3639.2  3708.7  3752.1  3981.0  5180.8  7088.2  8075.1 10139.1 14639.1  20687.2    60000
read     3408.8  1539.3   187.4  1357.6  1446.3  3457.5  3615.1  3688.7  3734.8  3887.0  5020.5  6961.5  8077.4 10242.1 14877.7  21021.8    65000
read     3346.4  1536.8   187.4  1324.7  1405.9  3412.7  3574.3  3663.5  3719.2  3835.3  4892.1  6881.6  8066.0 10138.1 12958.0  21429.0    70000
read     3386.2  1572.7   160.7  1338.4  1426.1  3422.8  3589.9  3677.8  3732.7  3936.2  4970.6  6942.5  8081.5 14111.2 15205.5  21203.2    75000
read     3613.6  1507.2   218.6  1448.6  1572.0  3589.5  3716.0  3789.6  3922.7  4055.8  5365.4  7232.6  8090.7 10272.2 14979.7  19835.8    80000
Warning! Detected max cpu usage > 95%
CPU Usage Stats (avg/min/max): 66.63%,0.50%,100.00%
