#type       avg     std     min      p5     p10     p50     p67     p75     p80     p85     p90     p95     p99    p999   p9999     QPS   target
read      464.1   621.4   109.4   183.5   203.7   290.7   318.6   341.0   366.0   651.9   829.7  1695.1  2670.3  7782.5  9873.7   4994.4     5000
read      531.1   621.8    93.8   191.5   218.3   328.3   373.0   424.4   676.4   795.1  1080.1  1717.2  2639.8  7663.3  9496.4   9977.2    10000
read      638.7   661.5   109.4   199.2   233.0   388.9   496.9   726.0   855.5  1056.6  1657.2  1824.2  2662.3  7701.4  9815.7  14909.0    15000
read      886.4   948.2   101.3   220.7   265.0   508.9   809.1  1060.3  1283.0  1691.9  1849.9  2625.0  4556.2  8033.8  9832.9  19955.3    20000
read     3504.7  1537.2   202.4  1403.2  1494.8  3537.0  3670.0  3732.7  3779.9  3996.7  5168.2  7145.9  8099.1 10788.7 14874.8  20318.0    25000
read     3416.2  1533.8   187.4  1343.9  1439.2  3461.0  3624.2  3700.6  3748.4  3962.1  5119.7  6945.1  8068.5 10112.2 14581.6  20930.8    30000
read     3374.3  1529.8   173.5  1343.1  1429.5  3431.8  3592.8  3673.8  3724.5  3823.9  4923.6  6927.3  8065.7 10154.4 12884.6  21241.2    35000
read     3432.6  1541.6   148.8  1355.7  1445.3  3471.2  3631.2  3705.9  3752.6  3999.1  5163.3  6977.4  8073.0 10186.8 14280.7  20867.8    40000
read     3477.5  1516.3   173.5  1396.1  1478.5  3506.4  3652.0  3720.5  3763.3  3989.1  5064.8  7088.9  8064.0 10170.6 14831.5  20603.6    45000
read     3387.1  1531.0   187.4  1352.8  1437.3  3437.4  3602.3  3683.1  3733.6  3915.5  5005.0  6905.2  8070.5 10140.4 13719.1  21116.2    50000
read     3393.6  1533.7   236.1  1351.1  1437.7  3440.3  3600.0  3678.2  3727.1  3843.7  5026.3  6940.3  8061.8 10096.8 14703.0  21084.4    55000
read     3607.8  1509.8   187.4  1437.6  1560.2  3581.8  3713.5  3789.7  3929.3  4068.9  5365.1  7248.8  8094.5 10169.7 14362.0  19859.2    60000
read     3433.9  1530.5   173.5  1361.9  1452.7  3477.0  3632.1  3704.5  3749.7  3941.7  5042.8  7046.3  8077.4 10242.3 14073.0  20889.1    65000
read     3476.2  1529.0   202.4  1398.9  1482.7  3503.8  3646.3  3713.4  3755.3  3975.0  5174.3  7046.4  8093.9 10246.2 14022.1  20561.2    70000
read     3349.2  1565.8   202.4  1330.4  1412.3  3407.0  3566.4  3659.4  3717.5  3831.2  4871.6  6897.2  8092.0 12686.8 14992.8  21444.8    75000
read     3612.8  1519.3   137.8  1450.1  1572.9  3582.9  3700.7  3756.2  3866.5  4027.0  5356.4  7279.2  8107.3 10274.6 16617.1  19868.2    80000
Warning! Detected max cpu usage > 95%
CPU Usage Stats (avg/min/max): 66.46%,0.50%,100.00%
