#type       avg     std     min      p5     p10     p50     p67     p75     p80     p85     p90     p95     p99    p999   p9999     QPS   target
read      462.6   661.1   109.4   180.2   203.0   287.2   315.3   336.1   357.8   617.5   801.5  1695.2  2700.2  7901.4 10127.5   4991.8     5000
read      533.4   611.1   109.4   191.2   217.3   332.2   379.3   431.8   679.6   790.0  1066.3  1727.7  2660.5  7698.1  8569.8  10032.2    10000
read      618.6   646.6   109.4   202.0   232.2   382.1   472.6   704.6   802.2  1003.8  1634.0  1799.8  2646.5  7734.2  9658.6  14957.2    15000
read      767.3   703.9   109.4   220.2   261.3   493.2   760.0   970.5  1097.0  1554.2  1739.0  1906.2  2693.2  7817.9  9678.3  20053.2    20000
read     3419.4  1534.3   118.1  1371.3  1463.6  3492.0  3635.4  3702.8  3745.0  3929.0  5044.6  7031.0  8068.2 10050.0 12892.6  20775.4    25000
read     3438.3  1535.2   187.4  1389.3  1468.4  3477.3  3625.6  3694.7  3737.9  3883.4  5046.3  7043.5  8082.9 10499.1 16229.0  20819.8    30000
read     3454.4  1527.3   187.4  1392.5  1474.5  3498.5  3639.5  3705.8  3747.3  3946.7  5101.8  7076.3  8076.7 10186.4 15417.9  20729.4    35000
read     3546.8  1545.0   187.4  1418.6  1516.3  3547.3  3679.1  3741.1  3824.1  4036.2  5355.9  7213.3  8096.7 10398.5 17555.2  20229.4    40000
read     3403.9  1549.0   187.4  1355.7  1438.1  3445.1  3608.2  3686.6  3735.6  3921.8  5042.4  6971.4  8083.1 10659.5 13835.9  21036.8    45000
read     3450.5  1542.1   160.7  1372.0  1463.0  3494.6  3638.2  3705.8  3748.1  3929.1  5060.4  7058.4  8076.8 12656.3 15024.0  20773.0    50000
read     3502.2  1537.0   218.6  1412.1  1501.8  3523.7  3658.3  3721.6  3761.2  3982.3  5132.5  7199.3  8095.9 10462.1 15963.1  20509.6    55000
read     3299.4  1564.1   187.4  1308.2  1378.6  3376.2  3512.7  3626.8  3698.1  3769.4  4824.2  6835.9  8061.3 12434.2 15023.1  21713.0    60000
read     3353.4  1527.6   173.5  1341.2  1424.1  3418.9  3576.7  3660.9  3713.6  3766.2  4889.0  6857.8  8053.4 10419.8 14733.8  21342.8    65000
read     3368.8  1540.1   187.4  1341.8  1422.6  3420.9  3578.3  3662.9  3715.8  3768.7  4965.4  6895.3  8069.7 10185.9 16862.5  21269.6    70000
read    10054.8  7083.3   236.1  1524.3  3170.6  8147.1 11669.9 13933.3 15621.0 17031.3 19646.4 24493.8 32007.8 43834.1 51450.8   8106.2    75000
read     3425.8  1537.6   236.1  1360.5  1447.2  3458.9  3620.2  3696.4  3744.1  3968.4  5063.6  7068.9  8057.1 10096.8 14509.8  20936.2    80000
Warning! Detected max cpu usage > 95%
CPU Usage Stats (avg/min/max): 66.66%,1.00%,100.00%
