#type       avg     std     min      p5     p10     p50     p67     p75     p80     p85     p90     p95     p99    p999   p9999     QPS   target
read      297.1   104.1   118.1   181.5   203.4   293.7   320.8   336.7   346.7   362.7   381.8   415.8   498.7   826.4  3114.4   4983.6     5000
read      339.2   128.2   109.4   195.0   219.3   337.2   370.0   388.9   401.5   419.7   441.8   480.7   587.8   943.5  5982.8   9999.0    10000
read      356.1   123.1   109.4   196.9   219.3   355.3   394.0   415.6   431.5   452.1   477.3   520.6   638.5   932.2  2466.6  15044.0    15000
read      387.1   146.3   109.4   201.5   225.1   383.2   429.6   455.3   472.4   497.0   530.0   600.3   738.7  1489.7  4849.1  19894.0    20000
read      449.4   372.2   101.3   207.7   233.1   403.4   458.9   490.4   513.8   546.5   614.6   716.0  2011.6  5302.5  8110.4  24954.8    25000
read      440.9   191.9    93.8   215.6   245.0   414.5   474.4   511.6   545.1   601.6   663.4   744.5  1038.7  1829.7  3997.0  29959.4    30000
read     2305.9  1171.8   137.8  1429.8  1615.6  2113.9  2278.0  2357.3  2435.6  2531.1  2729.0  4119.6  7936.7  9787.0 12678.9  30418.8    35000
read     2310.7  1135.0   187.4  1537.6  1647.4  2076.7  2226.3  2308.0  2359.1  2464.9  2670.7  4064.0  7941.2  9945.9 13305.7  30943.8    40000
read     2301.8  1118.3   187.4  1540.7  1649.7  2071.7  2225.1  2308.2  2360.1  2467.2  2669.6  3998.7  7926.0  9735.8 12996.8  31060.0    45000
read     2352.9  1142.1   173.5  1586.5  1685.4  2117.3  2271.0  2346.6  2416.2  2521.6  2728.8  4112.8  7959.0 10057.7 13271.0  30436.6    50000
read     2307.1  1114.9   187.4  1541.5  1650.3  2083.3  2237.2  2318.0  2368.6  2473.8  2651.3  3992.7  7931.0  9864.9 12607.5  30958.4    55000
read     2319.4  1119.8   218.6  1537.6  1648.5  2096.8  2249.1  2327.3  2376.8  2488.4  2680.8  4043.2  7925.2  9445.2 12732.6  30808.6    60000
read     2348.4  1123.6   148.8  1588.5  1689.6  2123.8  2272.3  2346.3  2411.0  2508.1  2691.7  4053.3  7934.8  9938.5 12910.5  30437.6    65000
read     2336.4  1126.3   218.6  1561.3  1667.7  2109.1  2264.6  2340.2  2400.4  2500.4  2680.4  4068.6  7936.1  9633.1 12673.1  30625.8    70000
read     2336.6  1120.6   160.7  1583.9  1684.3  2108.2  2261.3  2337.8  2396.4  2496.2  2665.9  4057.5  7931.2  9726.7 13902.3  30633.6    75000
read     2337.6  1117.4   218.6  1548.5  1660.6  2119.2  2271.0  2345.4  2408.4  2502.7  2677.5  4115.4  7922.0  9731.9 13613.3  30549.4    80000
Warning! Detected max cpu usage > 95%
CPU Usage Stats (avg/min/max): 66.36%,0.50%,100.00%
