#type       avg     std     min      p5     p10     p50     p67     p75     p80     p85     p90     p95     p99    p999   p9999     QPS   target
read      295.8   106.8   109.4   180.9   201.1   291.4   318.9   334.9   345.4   360.9   379.3   411.5   496.6  1585.1  4041.1   5012.4     5000
read      333.1   123.1   109.4   189.4   212.0   331.7   364.5   382.4   395.1   410.2   432.2   469.7   574.3  1171.6  4334.0   9945.4    10000
read      358.2   108.3   118.1   196.7   219.8   359.1   397.1   418.8   433.9   454.4   479.0   521.6   639.9   805.0  2677.8  14909.0    15000
read      381.7   130.9   109.4   200.8   223.4   378.9   424.9   451.0   469.1   493.4   525.5   591.4   717.5  1035.5  3343.3  19982.8    20000
read      407.1   159.6   109.4   205.0   229.9   395.3   449.3   478.6   501.7   532.6   584.8   664.0   808.7  1752.5  3113.8  24966.0    25000
read      478.4   355.4   109.4   213.0   243.1   415.6   481.1   525.7   571.0   632.2   702.0   856.5  1901.1  3992.0  8062.6  29992.0    30000
read     2267.2  1144.1   127.6  1433.0  1622.3  2089.3  2243.8  2321.7  2370.4  2475.7  2640.1  3996.4  7923.8  9652.8 12789.8  30743.1    35000
read     2330.8  1120.4   173.5  1571.3  1679.6  2101.3  2255.3  2336.0  2398.7  2506.8  2709.7  4030.1  7926.0  9398.1 13506.1  30575.2    40000
read     2327.7  1133.1   236.1  1520.9  1637.8  2100.4  2259.1  2338.2  2402.9  2516.1  2749.2  4058.0  7933.5  9497.4 12885.6  30690.2    45000
read     2352.2  1168.0   187.4  1565.8  1674.0  2125.3  2276.4  2348.2  2411.0  2502.4  2669.3  4143.3  7957.4 10231.1 15694.5  30509.2    50000
read     2332.4  1133.7   173.5  1545.0  1661.3  2107.8  2262.8  2339.0  2400.2  2507.9  2703.6  4054.6  7943.7  9785.8 13498.7  30718.0    55000
read     2346.9  1135.9   202.4  1560.4  1668.2  2123.7  2277.6  2353.2  2424.3  2517.6  2696.8  4082.9  7948.3  9932.6 14018.0  30517.6    60000
read     2295.5  1116.6   148.8  1533.8  1642.8  2073.1  2222.9  2306.8  2359.2  2460.5  2629.8  3967.6  7925.7  9660.1 14470.7  31173.0    65000
read     2329.7  1129.9   202.4  1581.5  1680.8  2100.8  2251.1  2328.2  2377.0  2488.8  2670.2  4025.4  7940.5 10037.2 15592.7  30746.2    70000
read     2391.0  1146.4   321.2  1609.5  1705.5  2145.0  2299.3  2373.9  2461.2  2550.3  2765.7  4262.5  7933.1  9823.6 14579.6  29829.8    75000
read     2417.0  1133.0   218.6  1631.8  1736.6  2183.7  2336.2  2431.1  2508.6  2611.2  2812.3  4194.3  7944.6  9649.9 12857.2  29593.4    80000
Warning! Detected max cpu usage > 95%
CPU Usage Stats (avg/min/max): 66.46%,0.50%,100.00%
