#type       avg     std     min      p5     p10     p50     p67     p75     p80     p85     p90     p95     p99    p999   p9999     QPS   target
read      308.1   157.3   118.1   189.6   211.3   300.0   330.3   347.2   361.5   376.4   398.9   433.5   509.0  1752.5  7839.5   4982.0     5000
read      347.1   119.4   118.1   194.6   220.1   344.2   379.5   399.1   414.4   432.2   458.4   499.5   621.0  1211.6  3230.0  10054.2    10000
read      371.9   124.0   109.4   199.0   223.1   369.8   410.9   434.3   453.3   473.8   503.1   550.3   687.8   958.4  3807.5  15004.4    15000
read      387.9   137.2   109.4   201.6   224.8   384.2   431.3   458.5   477.9   501.8   536.6   609.1   735.2   976.5  4469.1  19959.0    20000
read      412.7   159.5   109.4   208.0   233.1   401.7   457.5   489.1   512.3   544.5   602.3   677.6   820.1  1093.1  3576.6  24924.0    25000
read      543.0   536.4   101.3   212.9   242.1   424.2   496.5   546.7   604.8   668.7   768.2  1500.2  2578.7  7713.3  9302.3  29982.8    30000
read     2297.0  1133.9   160.7  1488.2  1610.4  2084.0  2238.5  2319.0  2369.3  2481.5  2673.4  4047.2  7923.8  9480.1 12766.1  31008.0    35000
read     2282.4  1120.0   173.5  1469.2  1595.9  2069.9  2236.2  2323.0  2379.0  2493.4  2686.4  3983.9  7919.5  9630.0 12396.1  31211.6    40000
read     2357.8  1114.2   160.7  1584.2  1688.9  2132.1  2287.4  2362.6  2441.0  2531.7  2732.3  4128.0  7924.0  9201.4 12170.9  30243.7    45000
read     2355.7  1132.0   160.7  1567.4  1675.5  2129.1  2285.0  2359.8  2437.0  2530.2  2722.8  4066.0  7943.4  9759.9 12744.1  30409.8    50000
read     2385.5  1128.4   202.4  1619.2  1717.9  2155.8  2308.9  2386.2  2471.7  2557.1  2751.7  4146.1  7942.4  9987.5 13607.4  29951.6    55000
read     2363.4  1136.8   218.6  1615.4  1704.4  2134.1  2285.3  2358.5  2433.6  2526.6  2706.1  4093.1  7948.8  9938.9 15030.6  30308.8    60000
read     2372.7  1145.0   236.1  1588.2  1691.7  2138.3  2293.7  2366.6  2447.5  2537.3  2748.9  4143.1  7954.3  9970.3 13479.9  30174.2    65000
read     2367.9  1122.2   255.0  1615.2  1707.0  2144.4  2292.1  2362.7  2439.6  2530.3  2713.2  4079.5  7940.9  9607.5 13458.6  30239.4    70000
read     2315.3  1132.9   173.5  1536.6  1651.3  2092.7  2250.1  2330.9  2388.7  2502.8  2700.1  3973.0  7935.6  9796.7 17376.4  30901.0    75000
read     2274.1  1113.7   187.4  1523.7  1633.0  2050.2  2194.8  2281.1  2336.0  2419.5  2606.0  3932.9  7917.3  9425.0 14870.6  31405.8    80000
Warning! Detected max cpu usage > 95%
CPU Usage Stats (avg/min/max): 66.66%,1.00%,100.00%
