#type       avg     std     min      p5     p10     p50     p67     p75     p80     p85     p90     p95     p99    p999   p9999     QPS   target
read      343.1   238.3   118.1   222.0   239.4   311.7   341.2   359.1   371.6   389.3   413.1   467.1  1229.6  2994.9  7958.7   4992.8     5000
read      429.9   476.8   127.6   222.3   246.8   361.3   407.4   436.4   459.8   488.7   532.6   639.2  2360.6  7660.3  9312.4  10060.4    10000
read    12096.2  5819.3   148.8   764.6  4943.6 11960.7 14067.1 15243.5 15836.6 16674.9 18547.2 23902.4 28285.8 38480.1 55109.5   6611.6    15000
read      710.3  1174.2   109.4   222.9   258.0   453.0   550.6   625.2   673.7   742.0  1016.0  2023.0  7334.1 14388.2 18876.7  19865.4    20000
read      561.3   549.5   101.3   220.5   258.3   455.7   568.1   637.0   681.0   734.3   815.3  1076.3  2553.6  7876.8  9470.0  25005.0    25000
read     1380.8  1213.2   118.1   311.0   378.2  1176.0  1733.8  1839.8  1909.1  1990.7  2138.7  3001.2  7718.2  9479.1 15945.7  30077.8    30000
read     2438.6  1115.4   160.7  1907.8  1960.0  2169.9  2265.8  2320.5  2354.7  2428.7  2569.8  4229.5  7949.7  9607.6 14167.8  29255.6    35000
read     2322.2  1076.6   218.6  1874.9  1909.3  2090.3  2153.0  2182.5  2204.6  2281.3  2358.0  3980.2  7937.7  9803.7 13393.4  30755.6    40000
read     2327.4  1106.8   137.8  1830.2  1899.4  2079.7  2145.8  2176.9  2196.3  2273.4  2362.9  4003.1  7948.0  9694.7 12987.7  30748.4    45000
read     2330.6  1152.3   255.0  1803.4  1887.6  2048.3  2129.4  2167.6  2191.5  2282.5  2495.3  4049.0  7957.2  9951.9 15316.8  30746.6    50000
read     2458.9  1229.5   255.0  1910.2  1954.4  2148.9  2224.6  2288.9  2329.2  2369.4  2637.5  4320.6  8028.5 12078.5 16197.3  29202.7    55000
read     2277.5  1143.2   202.4  1764.9  1809.8  1990.8  2060.0  2118.9  2155.7  2192.6  2407.0  3988.1  7944.0  9754.9 14867.6  31415.0    60000
read     2197.3  1105.7   218.6  1670.8  1755.9  1948.9  2011.1  2048.1  2107.0  2165.8  2320.4  3757.4  7931.2  9737.2 12577.9  32596.4    65000
read     2394.6  1104.9   202.4  1899.1  1934.5  2128.0  2188.6  2252.6  2306.7  2360.8  2539.5  4149.6  7941.4  9491.6 12225.9  29863.6    70000
read     2284.6  1108.8   160.7  1782.8  1860.6  2032.3  2116.2  2156.3  2181.4  2234.4  2362.8  3919.7  7958.1 10132.4 15625.2  31351.8    75000
read     2471.2  1101.1   321.2  1951.2  2042.5  2234.8  2307.2  2341.3  2362.6  2417.2  2525.7  4243.9  7960.9  9791.5 12693.1  28984.4    80000
Warning! Detected max cpu usage > 95%
CPU Usage Stats (avg/min/max): 66.53%,0.00%,100.00%
