#type       avg     std     min      p5     p10     p50     p67     p75     p80     p85     p90     p95     p99    p999   p9999     QPS   target
read      344.7   234.3   118.1   219.7   238.1   315.4   345.7   364.2   376.5   394.0   419.0   472.8  1169.7  2754.3  7637.1   4996.4     5000
read      395.1   277.7   118.1   222.1   247.1   360.7   404.5   432.9   454.9   481.1   519.0   604.7  1270.7  4340.2  7940.4   9891.2    10000
read      437.0   336.9   118.1   218.6   244.9   392.1   456.7   493.6   522.2   563.6   620.2   692.7  1317.0  5127.3  8088.7  15025.2    15000
read      604.8   810.5   109.4   229.0   264.6   451.8   543.1   610.7   650.4   701.1   785.1  1346.2  4316.6 10050.4 15745.5  20027.4    20000
read      865.3   975.7   109.4   260.0   315.3   597.8   742.9   868.8  1021.5  1390.3  1812.9  2210.4  5556.2  9762.3 15948.0  25089.2    25000
read     1801.8  1314.4   109.4   389.8   520.6  1791.5  1943.6  2007.3  2061.8  2158.6  2419.0  3620.6  7899.7 10792.9 16794.2  29949.0    30000
read     2574.4  1130.3   202.4  2044.0  2087.0  2305.0  2371.5  2443.9  2493.2  2542.5  2702.2  4520.1  7969.8  9798.3 13830.0  27843.6    35000
read     2204.2  1105.3   160.7  1698.9  1760.1  1939.0  2005.2  2036.4  2105.1  2175.1  2406.5  3823.1  7916.9  9469.2 11947.5  32313.4    40000
read     2361.7  1186.4   202.4  1847.6  1901.3  2078.2  2149.4  2182.9  2217.3  2308.2  2467.6  4129.6  7975.8 11706.6 16022.5  30333.6    45000
read     2321.1  1091.9   255.0  1799.6  1888.5  2076.0  2147.3  2180.9  2208.3  2291.0  2373.6  4002.2  7931.4  9331.1 12314.7  30850.1    50000
read     2375.7  1169.6   275.4  1892.5  1920.0  2105.2  2167.3  2196.5  2253.0  2317.8  2420.7  4129.2  7992.5 10896.4 16061.0  30234.6    55000
read     2437.7  1125.9   275.4  1915.1  1977.4  2168.9  2255.7  2306.6  2338.5  2370.3  2530.8  4271.9  7956.1  9983.3 15730.9  29369.8    60000
read     2567.0  1173.8   236.1  2040.6  2075.9  2285.7  2350.8  2394.5  2458.2  2521.8  2673.0  4532.7  8005.7 10236.0 15697.7  27952.6    65000
read     2300.2  1121.0   202.4  1793.2  1869.3  2025.9  2111.0  2153.5  2180.0  2234.6  2369.7  3994.6  7942.3  9823.7 15274.1  31141.2    70000
read     2470.2  1578.7   255.0  1778.0  1901.0  2118.0  2185.8  2248.3  2302.2  2356.2  2600.2  4356.9  8499.4 16133.4 30240.4  29167.0    75000
read     2436.6  1148.4   236.1  1911.2  1962.7  2157.1  2237.8  2294.6  2330.1  2365.6  2543.5  4235.5  7968.1 10160.7 15106.5  29449.8    80000
Warning! Detected max cpu usage > 95%
CPU Usage Stats (avg/min/max): 66.30%,2.00%,100.00%
