#type       avg     std     min      p5     p10     p50     p67     p75     p80     p85     p90     p95     p99    p999   p9999     QPS   target
read      338.8   166.9   127.6   225.2   244.3   319.5   350.5   368.4   381.7   397.4   420.7   466.0   787.7  1885.3  7254.6   5009.0     5000
read      447.1   576.4   118.1   225.1   250.8   369.6   417.5   447.2   469.0   498.8   540.7   634.1  3011.3  8007.8 10796.5  10048.4    10000
read      501.8   662.2   118.1   219.7   247.7   396.7   467.2   507.5   540.9   592.2   647.9   765.7  3511.1  8635.2 12234.2  15125.0    15000
read      630.2   942.2   109.4   221.5   255.5   438.2   537.0   610.2   654.8   713.2   823.0  1629.9  5376.1 11373.1 18994.0  19913.6    20000
read      642.7   745.1   109.4   224.9   264.6   479.0   613.6   682.5   735.6   808.8   988.6  1555.2  3595.8  8752.1 12617.0  24997.6    25000
read     1191.8  1165.4   109.4   277.8   338.7   833.6  1433.1  1694.4  1795.3  1888.3  2013.1  2495.4  7578.5 10993.6 15901.0  29930.0    30000
read     2374.1  1160.6   202.4  1830.0  1900.5  2094.9  2172.4  2227.1  2295.3  2363.6  2569.1  4134.8  7963.2 10865.6 14963.4  30212.5    35000
read     2237.7  1099.1   160.7  1754.2  1795.7  1984.7  2049.4  2110.3  2148.4  2186.5  2328.4  3856.3  7935.1  9918.1 14508.6  31955.7    40000
read     2299.1  1142.5   187.4  1731.8  1787.4  2009.2  2109.8  2165.3  2200.8  2318.4  2567.1  4016.5  7954.0  9900.8 14768.2  31044.0    45000
read     2380.9  1112.2   218.6  1863.7  1912.2  2117.8  2188.9  2257.0  2309.8  2362.7  2538.0  4125.5  7951.5  9976.3 13253.7  30075.8    50000
read     2384.5  1146.7   321.2  1845.5  1904.2  2106.1  2185.6  2256.9  2314.3  2371.7  2561.0  4125.9  7962.1 10223.7 15025.0  30088.0    55000
read     2478.5  1131.4   187.4  1929.3  2007.8  2207.9  2300.6  2344.3  2371.5  2468.1  2614.7  4288.6  7963.4  9977.2 15319.6  28931.0    60000
read     2308.8  1227.3   187.4  1763.5  1802.6  1985.1  2052.0  2123.2  2167.7  2259.7  2627.3  4048.7  7988.0 11622.6 16175.9  31044.4    65000
read     2309.6  1102.1   275.4  1800.2  1876.5  2034.7  2125.0  2167.9  2194.7  2289.9  2482.7  3985.7  7928.1  9456.6 13177.3  30987.8    70000
read     2566.1  1102.1   202.4  2048.8  2093.6  2309.2  2375.3  2446.5  2491.3  2536.1  2661.0  4503.4  7961.3  9647.0 12320.3  27918.6    75000
read     2322.8  1114.2   236.1  1803.9  1889.3  2063.9  2141.4  2177.9  2203.4  2293.4  2412.1  4015.8  7944.7  9617.4 13035.2  30844.2    80000
Warning! Detected max cpu usage > 95%
CPU Usage Stats (avg/min/max): 65.53%,0.50%,100.00%
