#type       avg     std     min      p5     p10     p50     p67     p75     p80     p85     p90     p95     p99    p999   p9999     QPS   target
read      305.1   145.1   127.6   199.2   218.6   296.2   319.0   333.0   342.3   354.8   370.5   399.7   596.4  1988.9  7073.7   4971.8     5000
read      352.8   194.5   118.1   204.2   228.8   334.1   366.4   384.7   397.5   414.4   436.4   482.5  1169.3  2358.5  7261.5   9937.2    10000
read      369.3   166.2   109.4   201.0   224.3   359.7   400.7   424.8   442.0   463.9   492.9   540.8   729.0  2009.4  6719.6  14999.4    15000
read      405.8   399.7   109.4   195.1   217.3   367.0   417.9   447.6   468.7   497.1   536.2   617.5  1378.4  7246.2 10071.1  19916.0    20000
read      439.5   388.5   109.4   199.5   222.9   388.6   452.1   489.3   517.4   554.6   618.8   709.6  1708.0  6522.2  9010.7  25103.6    25000
read      483.5   435.4   109.4   209.3   238.8   421.0   495.5   541.2   586.2   631.9   687.9   796.8  1682.8  6895.7 14628.1  29915.2    30000
read      528.9   501.7   109.4   212.0   244.4   432.4   522.7   591.8   635.7   687.3   769.5  1193.4  2111.2  7640.8 12007.5  34988.6    35000
read     1771.1  1024.5   127.6  1304.3  1371.3  1544.0  1605.2  1658.4  1701.9  1745.4  2489.2  3066.8  7788.6  9393.0 14974.4  38974.6    40000
read     1649.3   932.2   187.4  1222.5  1288.9  1438.2  1491.6  1542.8  1579.3  1615.9  2483.6  2842.1  7683.1  9294.0 12820.4  41985.0    45000
read     1574.3   873.1   202.4  1194.5  1224.1  1361.5  1423.4  1463.1  1487.9  1573.1  2399.2  2698.5  7580.7  9077.3 12246.1  44200.0    50000
read     1741.8   966.0   218.6  1309.9  1357.3  1513.3  1576.6  1606.5  1647.3  1716.4  2300.7  2971.7  7747.2  9144.9 12703.9  40417.6    55000
read     1722.3   962.6   202.4  1290.4  1321.3  1482.2  1556.2  1594.2  1621.4  1717.5  2595.6  2941.7  7729.4  9086.2 11558.5  40713.2    60000
read     1743.0   973.3   187.4  1308.4  1351.4  1512.6  1578.3  1609.3  1656.9  1723.0  2464.8  2970.0  7745.2  9725.4 14771.8  40374.4    65000
read     1688.9   935.2   202.4  1286.7  1310.7  1459.0  1522.4  1569.1  1598.3  1671.2  2566.7  2887.7  7702.6  9000.0 10767.4  41456.3    70000
read     1678.9   938.1   160.7  1283.7  1306.1  1451.3  1506.2  1557.6  1589.7  1643.3  2529.9  2883.5  7691.2  8874.8 12094.3  41739.3    75000
read     1734.2   976.9   202.4  1308.1  1347.7  1499.5  1570.9  1604.5  1648.0  1724.1  2220.7  2945.5  7738.0  9729.6 14869.0  40589.2    80000
Warning! Detected max cpu usage > 95%
CPU Usage Stats (avg/min/max): 66.33%,0.50%,100.00%
