#type       avg     std     min      p5     p10     p50     p67     p75     p80     p85     p90     p95     p99    p999   p9999     QPS   target
read      301.7   135.4   118.1   194.5   212.8   292.9   316.2   329.9   339.8   351.8   368.8   398.8   647.3  1787.0  6730.2   4958.8     5000
read      338.9   168.1   109.4   204.0   226.2   327.0   358.0   374.1   388.2   402.6   427.1   466.2   783.5  1982.4  7534.7  10027.1    10000
read      374.0   214.1   118.1   201.5   223.8   354.0   395.4   419.9   437.5   460.7   492.3   558.3  1050.9  2561.8  7748.9  14946.4    15000
read      436.6   473.8   118.1   199.3   222.5   378.4   432.0   463.8   488.0   517.8   570.0   669.5  1999.6  7834.1  9820.6  19970.0    20000
read      440.4   415.1   109.4   199.5   223.6   389.2   453.7   490.9   519.3   558.5   617.9   704.3  1575.1  7081.5  9626.8  24946.8    25000
read      466.9   473.4   109.4   199.2   224.4   397.3   472.1   521.0   564.2   617.1   674.8   786.3  1696.5  7856.3 13781.9  29942.0    30000
read      588.0   626.0   101.3   211.3   246.1   446.9   562.3   638.7   690.6   766.9   993.0  1371.4  2721.8  7979.0 14157.6  35010.0    35000
read     1204.3   973.3   109.4   299.7   368.1  1268.9  1421.6  1481.6  1533.7  1596.1  1721.8  2607.4  6959.4  8663.4 12774.6  39836.4    40000
read     1784.8   983.7   187.4  1334.4  1392.1  1551.2  1610.2  1667.2  1708.8  1763.0  2243.3  3069.2  7756.6  9570.2 13385.9  39450.2    45000
read     1779.7   988.7   187.4  1333.7  1390.7  1543.8  1601.8  1651.1  1699.0  1749.3  2157.6  3056.7  7780.2  9493.3 10775.6  39609.7    50000
read     1658.3   951.5   187.4  1222.9  1279.8  1417.6  1476.0  1517.4  1572.5  1663.7  2577.1  2844.9  7685.5  9138.5 11070.2  42126.8    55000
read     1723.7   988.8   173.5  1292.4  1320.4  1474.0  1548.0  1590.6  1618.2  1719.1  2605.2  2940.4  7745.8  9251.3 14577.2  40743.4    60000
read     1719.1   986.9   202.4  1288.5  1313.0  1465.0  1540.5  1592.0  1636.4  1722.8  2597.5  2935.6  7729.6  9309.2 11683.3  40848.2    65000
read     1754.0   998.1   236.1  1308.0  1348.8  1505.3  1574.6  1607.1  1654.0  1725.3  2605.5  2992.6  7757.0  9121.8 13863.1  39994.0    70000
read     1679.5   945.7   187.4  1284.4  1306.7  1451.0  1504.9  1556.7  1589.0  1641.8  2567.9  2879.2  7703.3  9255.8 12296.8  41763.6    75000
read     1730.9   950.4   173.5  1303.7  1340.6  1495.1  1567.3  1601.6  1640.1  1720.9  2574.0  2952.9  7717.7  9199.8 13730.0  40544.6    80000
Warning! Detected max cpu usage > 95%
CPU Usage Stats (avg/min/max): 65.83%,0.50%,100.00%
