#type       avg     std     min      p5     p10     p50     p67     p75     p80     p85     p90     p95     p99    p999   p9999     QPS   target
read      294.3   138.5   127.6   196.7   215.0   286.3   308.5   320.1   330.7   341.9   358.5   385.4   583.9  1693.0  7119.6   4985.6     5000
read      344.9   180.8   118.1   206.8   229.5   328.4   360.4   377.7   391.8   406.9   432.1   474.7   891.8  2370.9  7256.1  10022.2    10000
read      390.0   403.6   109.4   201.1   223.9   356.1   397.9   423.0   441.0   463.4   493.6   548.4  1115.8  7294.2 10152.6  15057.0    15000
read      393.1   243.4   101.3   197.7   220.0   372.1   423.8   454.6   476.4   503.3   541.7   618.5   894.3  3571.1  8141.5  19985.4    20000
read      486.6   603.1   101.3   204.1   228.6   400.6   467.9   506.0   537.7   585.3   642.8   773.9  2413.4  8657.6 14564.4  24972.0    25000
read      472.4   490.9    93.8   199.1   224.2   395.9   470.9   519.2   562.9   618.9   678.8   809.1  1810.7  7868.7 12769.0  29841.7    30000
read      602.5   631.9   118.1   217.1   255.2   459.2   573.0   644.5   697.6   781.3  1042.6  1432.7  2773.5  7976.6 14062.1  34986.8    35000
read      849.5   749.9   101.3   247.3   311.1   639.8   953.0  1155.0  1274.4  1359.3  1466.2  1827.1  2966.6  8048.4 11915.0  40190.4    40000
read     1788.4  1074.5   160.7  1307.1  1360.6  1527.5  1591.6  1632.2  1691.1  1762.9  2612.5  3072.9  7829.8  9869.6 15891.8  39302.4    45000
read     1693.9   918.8   173.5  1293.4  1324.3  1476.5  1544.4  1581.7  1605.0  1674.9  2193.5  2899.9  7694.8  8778.9 10922.4  41354.2    50000
read     1685.2   942.0   218.6  1271.5  1302.7  1450.7  1510.7  1563.6  1596.7  1679.0  2582.0  2889.6  7699.5  8983.8 10724.6  41602.6    55000
read     1664.3   943.9   202.4  1253.8  1295.1  1434.0  1490.0  1550.2  1595.6  1682.8  2503.8  2839.2  7696.0  9414.1 13945.7  42065.9    60000
read     1645.8   954.7   202.4  1244.2  1290.2  1413.5  1467.5  1492.8  1540.9  1600.9  2573.8  2814.7  7695.1  9666.0 14827.0  42586.0    65000
read     1816.2  1044.6   218.6  1369.3  1407.4  1569.9  1633.2  1684.8  1717.1  1764.0  2151.8  3106.8  7826.4 10190.2 17928.2  38957.6    70000
read     1663.3   937.0   202.4  1259.4  1296.5  1433.6  1486.5  1537.7  1582.1  1655.2  2567.9  2840.2  7695.0  9306.5 13735.0  42143.2    75000
read     1718.3   944.1   187.4  1301.7  1342.1  1496.0  1561.6  1592.6  1612.0  1687.0  2306.0  2940.8  7711.2  9566.5 12899.8  40805.8    80000
Warning! Detected max cpu usage > 95%
CPU Usage Stats (avg/min/max): 66.60%,1.00%,100.00%
