#type       avg     std     min      p5     p10     p50     p67     p75     p80     p85     p90     p95     p99    p999   p9999     QPS   target
read      341.8   161.9   118.1   205.4   230.6   337.0   367.1   383.3   394.8   407.7   429.1   463.6   568.8  1889.4  7639.0   4977.4     5000
read      356.2   118.0   118.1   208.2   235.6   357.5   389.9   406.5   421.5   436.4   458.9   491.9   569.1   809.4  5985.5   9987.6    10000
read      384.0   128.9   101.3   208.5   236.1   383.8   425.9   449.1   465.1   485.6   509.2   547.3   687.0  1343.6  3558.5  15029.8    15000
read      394.6   131.8   109.4   206.6   231.0   393.4   444.4   470.0   490.3   511.8   540.5   607.2   727.4   899.5  2032.3  20059.5    20000
read      417.2   227.0   109.4   203.8   229.0   405.4   461.9   492.6   514.1   540.0   589.2   671.6   835.7  2085.4  8074.4  25088.6    25000
read      431.9   249.2   109.4   210.3   236.8   409.1   470.7   506.3   533.3   572.9   634.7   715.1   925.2  2654.9  8059.5  30037.8    30000
read      452.3   204.7   109.4   214.3   245.3   422.3   491.7   534.6   576.2   631.1   689.2   768.4  1013.2  2005.6  5094.1  35104.4    35000
read      640.2   511.5   118.1   236.9   286.4   500.8   649.6   730.7   800.6   936.0  1158.7  1483.4  2315.5  7654.5  8850.7  39765.8    40000
read     1708.9   937.0   202.4  1287.3  1320.1  1487.3  1562.5  1599.6  1637.1  1716.5  2245.5  2933.7  7718.0  9139.1 10965.6  40987.4    45000
read     1683.3   921.2   173.5  1270.9  1306.6  1465.9  1538.6  1583.7  1612.0  1701.3  2105.0  2890.7  7699.4  9012.6 12941.0  41561.8    50000
read     1791.1   983.5   202.4  1313.3  1366.2  1547.1  1613.5  1684.1  1731.1  1856.2  2559.5  3059.1  7768.7  9368.5 12833.2  39354.6    55000
read     1729.5   941.8   173.5  1298.3  1335.5  1503.5  1574.8  1608.4  1657.5  1725.8  2566.0  2959.2  7732.5  8334.6 10484.0  40677.9    60000
read     1777.9  1001.3   173.5  1311.6  1369.4  1554.3  1618.3  1678.2  1715.6  1773.7  2084.8  3047.5  7771.4 10178.8 15218.7  39704.0    65000
read     1757.8   955.5   187.4  1295.8  1341.6  1541.8  1611.9  1671.4  1711.5  1767.2  2128.4  3013.1  7746.3  9421.3 12735.9  40017.4    70000
read     1737.8   949.5   218.6  1296.7  1334.0  1509.2  1584.3  1624.0  1682.4  1740.9  2478.4  2974.0  7741.8  9067.7 10573.4  40531.8    75000
read     1771.1   958.7   202.4  1305.8  1356.2  1549.3  1617.1  1679.8  1719.0  1789.7  2118.3  3039.2  7750.2  8855.3 12165.3  39808.8    80000
Warning! Detected max cpu usage > 95%
CPU Usage Stats (avg/min/max): 66.39%,0.50%,100.00%
