#type       avg     std     min      p5     p10     p50     p67     p75     p80     p85     p90     p95     p99    p999   p9999     QPS   target
read      325.1   147.3   109.4   200.8   224.5   325.3   352.0   366.1   375.0   389.4   403.8   434.1   504.4  1459.8  7912.9   5002.0     5000
read      346.0   149.8   109.4   204.1   231.1   342.6   373.3   391.5   403.2   420.6   440.2   472.6   549.8  1816.7  5963.9  10084.2    10000
read      378.0   166.3   109.4   205.9   231.3   372.8   414.0   436.5   453.4   470.4   497.1   538.5   697.9  2516.5  6104.8  14978.2    15000
read      394.5   151.8   101.3   204.7   229.1   390.1   441.4   467.3   487.3   508.8   539.6   611.8   739.4  1373.2  5983.3  19983.4    20000
read      428.3   159.4   109.4   205.3   232.6   422.8   482.7   514.6   537.0   572.4   628.0   696.8   826.5  1421.2  2626.2  25056.8    25000
read      438.7   201.5   109.4   209.3   237.7   416.0   481.9   520.9   548.6   604.2   661.0   735.3   925.6  2468.6  7067.9  30068.6    30000
read      463.6   215.9   101.3   217.0   251.0   430.9   502.9   547.8   600.4   650.7   707.0   787.0  1040.9  2023.7  7143.5  34885.0    35000
read      530.3   250.4   118.1   240.3   286.3   476.6   584.9   654.4   698.4   743.3   808.5   952.1  1323.0  1998.9  7214.0  40020.0    40000
read     1758.7   965.1   160.7  1300.2  1349.9  1541.3  1608.2  1666.4  1709.0  1766.5  2028.4  3006.3  7759.2  9059.3 12607.7  40036.6    45000
read     1771.9   961.5   173.5  1311.2  1366.2  1548.0  1614.3  1678.1  1719.8  1795.8  2159.6  3050.9  7746.8  9257.7 12406.4  39714.0    50000
read     1759.1   968.5   297.4  1304.6  1351.1  1535.3  1605.5  1664.8  1710.4  1778.6  2118.5  3012.0  7749.2  9446.3 13948.1  40011.6    55000
read     1763.0   957.5   202.4  1309.6  1363.1  1542.4  1606.9  1664.2  1708.4  1769.0  2031.9  3017.5  7760.8  8982.0 11764.7  39949.8    60000
read     1672.0   915.9   160.7  1257.9  1299.8  1452.2  1517.7  1571.5  1605.1  1691.2  2487.0  2880.8  7683.5  8901.7 11036.7  41870.8    65000
read     1744.6   947.9   160.7  1262.9  1317.9  1535.1  1611.5  1672.5  1713.3  1776.0  2070.5  2981.3  7733.3  9108.1 10887.5  40341.8    70000
read     1731.0   934.5   218.6  1275.9  1316.0  1515.6  1592.5  1643.6  1695.1  1747.6  2477.1  2946.9  7717.8  8857.0 11264.3  40549.5    75000
read     1752.7   974.1   218.6  1299.3  1341.2  1531.1  1600.4  1654.2  1701.2  1753.6  2034.0  2988.9  7761.2  9746.0 14763.9  40223.2    80000
Warning! Detected max cpu usage > 95%
CPU Usage Stats (avg/min/max): 66.46%,0.50%,100.00%
