#type       avg     std     min      p5     p10     p50     p67     p75     p80     p85     p90     p95     p99    p999   p9999     QPS   target
read      321.9   149.5   127.6   202.8   224.3   319.4   345.9   360.7   370.1   382.8   398.4   428.1   499.1  1937.3  7688.8   4987.8     5000
read      337.2   129.9   109.4   197.7   223.9   336.3   366.6   383.4   395.7   410.2   430.7   463.3   541.1  1254.7  6983.1   9963.4    10000
read      363.4   147.3   101.3   201.1   225.4   359.9   397.8   419.1   433.6   453.4   477.0   520.1   677.0  1840.1  5611.3  15026.6    15000
read      387.6   139.5   101.3   202.7   226.9   386.0   434.1   459.5   476.9   499.5   529.1   589.9   716.9  1503.2  3914.2  20087.6    20000
read      407.5   244.2   101.3   203.8   227.1   389.4   443.0   471.8   495.1   522.6   566.6   652.8   868.3  3131.6  7885.8  25008.2    25000
read      422.9   173.9   101.3   205.7   232.3   408.0   468.5   502.4   528.7   566.1   628.7   703.5   856.3  1625.1  5124.8  30044.8    30000
read      436.6   192.0   101.3   212.6   242.1   410.1   472.8   513.6   546.5   604.1   662.9   736.3   934.5  2083.7  5776.1  34931.8    35000
read      510.8   295.4   118.1   226.6   266.0   447.8   539.6   615.2   661.4   711.0   777.0   939.0  1489.7  2752.3  7918.3  40177.4    40000
read     1781.6   964.5   173.5  1309.3  1370.2  1567.2  1644.5  1696.1  1728.4  1801.3  2021.0  3064.1  7767.8  9043.8 11135.2  39440.0    45000
read     1746.1   949.5   202.4  1305.4  1352.8  1529.6  1594.4  1636.8  1684.5  1732.2  2039.6  2995.2  7742.4  9199.5 12213.3  40280.6    50000
read     1748.3   955.1   173.5  1295.8  1338.6  1529.8  1600.8  1655.6  1702.4  1757.6  2107.7  2990.1  7745.3  9202.8 12271.2  40212.4    55000
read     1695.0   926.1   187.4  1247.7  1302.2  1474.6  1554.5  1597.8  1641.8  1725.6  2369.4  2909.3  7696.0  8633.5 11017.2  41367.4    60000
read     1731.7   951.6   202.4  1282.8  1319.2  1517.4  1592.9  1642.7  1692.4  1742.0  2287.3  2949.0  7729.4  9002.7 12553.0  40619.8    65000
read     1691.3   919.4   275.4  1263.7  1302.9  1464.5  1544.4  1595.0  1643.0  1727.2  2508.4  2901.7  7691.8  8181.2 10904.0  41425.4    70000
read     1775.7   953.0   160.7  1308.8  1362.6  1556.1  1627.7  1687.1  1724.2  1801.3  2230.9  3049.1  7740.3  9381.5 13596.5  39554.8    75000
read     1758.8   954.1   187.4  1304.4  1352.0  1543.7  1611.3  1668.2  1707.2  1746.2  2009.3  3015.9  7751.5  9118.5 12488.6  40038.3    80000
Warning! Detected max cpu usage > 95%
CPU Usage Stats (avg/min/max): 66.26%,0.50%,100.00%
