#type       avg     std     min      p5     p10     p50     p67     p75     p80     p85     p90     p95     p99    p999   p9999      QPS   target       ts_start         ts_end
read      239.8    91.4   101.3   161.3   173.1   230.2   255.0   269.5   280.1   293.5   311.6   340.9   430.5   806.8  2199.2   5017.5     5000  1778079374153  1778079376410
read      255.0    94.8    93.8   158.5   175.2   248.9   276.3   291.3   302.2   315.8   334.0   365.7   456.1   606.7  3770.7  14975.9    15000  1778079377914  1778079380158
read      264.5    87.0    74.4   149.4   167.1   262.0   293.3   310.0   320.8   336.7   357.3   394.9   486.9   700.9  2036.4  25029.5    25000  1778079381663  1778079383867
read      256.8    83.9    80.4   139.9   155.8   256.5   291.8   309.1   320.2   335.1   353.3   387.6   467.2   609.6  1937.1  34914.5    35000  1778079385372  1778079387572
read      255.2    98.6    86.8   133.7   148.6   250.9   294.3   314.2   327.9   343.2   365.6   399.8   469.1   633.0  3628.3  45147.0    45000  1778079389078  1778079391281
read      250.9    97.2    74.4   128.5   142.8   244.1   291.2   311.9   325.5   341.2   363.1   398.5   487.0   677.5  2859.6  55040.5    55000  1778079392787  1778079394986
read      248.5   107.5    80.4   126.2   140.0   235.4   286.6   309.9   325.2   342.4   366.2   405.2   508.7   812.8  3364.1  64899.0    65000  1778079396491  1778079398692
read      249.6   107.6    74.4   125.0   138.8   233.0   289.2   315.1   332.2   351.3   377.5   419.8   511.0   689.8  2197.3  75452.5    75000  1778079400197  1778079402399
read      248.9   106.1    80.4   125.6   139.5   231.6   285.3   311.7   329.1   347.6   374.1   419.9   524.8   784.5  2845.7  84947.7    85000  1778079403904  1778079406106
read      249.7   100.8    80.4   128.5   142.2   231.4   282.8   310.0   328.1   347.9   375.1   421.5   532.7   839.1  1745.5  95151.4    95000  1778079407611  1778079409814
read      247.6   115.6    80.4   127.8   141.6   230.4   279.7   305.8   322.9   342.8   370.0   415.8   523.6   774.0  2015.6 104919.4   105000  1778079411319  1778079413522
read      257.9    98.3    80.4   134.2   149.9   242.8   291.0   316.6   334.7   356.0   384.4   427.6   525.0   749.2  1537.6 114848.4   115000  1778079415026  1778079417227
read      273.1   110.0    74.4   137.8   154.0   253.0   304.8   333.6   355.1   382.0   417.5   473.2   603.5   827.4  1458.4 125470.4   125000  1778079418731  1778079420932
Warning! Detected max cpu usage > 95%
CPU Usage Stats (avg/min/max): 50.50%,1.01%,100.00%
