#type       avg     std     min      p5     p10     p50     p67     p75     p80     p85     p90     p95     p99    p999   p9999      QPS   target       ts_start         ts_end
read      236.8    73.7    93.8   157.8   170.4   228.0   252.9   266.6   275.3   289.2   307.4   339.8   435.9  1097.9  2036.3   5015.5     5000  1778078373152  1778078375410
read      258.6    87.4    80.4   152.5   169.7   254.0   285.4   302.4   314.3   328.5   345.9   383.1   453.4   605.5  3765.7  15077.0    15000  1778078376915  1778078379156
read      277.8   111.4    80.4   143.5   160.8   271.6   313.6   335.6   352.0   374.4   401.3   438.3   521.1   681.7  2897.0  25121.0    25000  1778078380661  1778078382864
read      287.3   109.7    74.4   137.9   154.7   278.8   331.2   360.5   383.0   406.6   434.2   474.5   561.9   692.8  1386.0  35051.0    35000  1778078384369  1778078386570
read      288.5   126.6    74.4   134.0   150.4   273.0   333.0   368.6   394.5   421.4   452.3   496.7   586.4   745.7  2286.8  45052.5    45000  1778078388075  1778078390279
read      298.7   146.1    74.4   133.6   151.6   276.7   341.2   383.3   411.2   441.6   478.6   531.4   634.6   797.1  4135.5  55095.5    55000  1778078391784  1778078393986
read      325.7   147.3    74.4   139.8   161.4   302.2   372.2   413.1   441.8   475.7   517.8   581.6   728.4  1145.9  2882.0  64976.0    65000  1778078395490  1778078397692
read      810.4   385.1    74.4   278.0   425.4   775.9   817.1   846.3   864.5   915.8  1376.7  1540.7  1694.5  6737.4  7520.5  73289.2    75000  1778078399197  1778078401400
read      861.8   351.2   127.6   626.5   657.8   761.5   799.3   832.1   863.6  1232.0  1416.2  1513.2  1623.3  6979.0  7749.1  75881.5    85000  1778078402905  1778078405113
read      814.1   360.3   101.3   572.0   606.0   710.4   748.1   788.4   838.9  1213.9  1327.7  1422.6  1566.3  6533.9  8431.2  80514.5    95000  1778078406618  1778078408819
read      838.5   355.0   137.8   606.8   640.3   733.7   778.9   804.5   851.5  1229.5  1367.0  1464.1  1600.1  7042.9  7969.0  78342.0   105000  1778078410323  1778078412524
read      879.0   377.4   148.8   643.9   669.8   775.9   816.2   850.7   872.3  1177.6  1432.4  1542.9  1696.3  7148.5  7966.4  75078.5   115000  1778078414029  1778078416232
read      837.7   361.5   127.6   603.5   632.4   731.6   776.6   803.2   850.1  1234.8  1366.8  1462.4  1600.0  7054.9  8114.3  78509.5   125000  1778078417736  1778078419945
Warning! Detected max cpu usage > 95%
CPU Usage Stats (avg/min/max): 50.50%,1.00%,100.00%
