#type       avg     std     min      p5     p10     p50     p67     p75     p80     p85     p90     p95     p99    p999   p9999      QPS   target       ts_start         ts_end
read      241.0   115.0   101.3   161.2   172.4   231.4   256.2   270.5   281.4   294.5   313.2   341.5   421.3   915.1  6470.8   4906.0     5000  1778078706682  1778078708936
read      262.8   150.3    93.8   157.0   174.4   254.2   282.8   298.7   311.0   324.6   343.6   382.2   465.8  1842.9  5456.6  15040.5    15000  1778078710440  1778078712680
read      267.3   304.9    80.4   146.9   164.4   261.0   294.2   312.1   324.4   340.0   362.1   398.7   473.2   682.8 21594.0  24953.0    25000  1778078714184  1778078716384
read      260.6   179.7    74.4   137.1   153.3   255.1   294.7   314.0   327.2   342.1   365.3   401.7   480.8   608.3 11519.1  34934.5    35000  1778078717889  1778078720094
read      259.3    95.3    74.4   131.2   146.4   253.9   301.2   322.3   336.9   354.4   379.1   417.6   495.2   632.8  1713.1  45114.4    45000  1778078721599  1778078723802
read      257.7    98.1    74.4   129.2   143.6   245.6   299.0   323.5   340.5   362.3   391.0   431.5   507.7   665.8  1021.8  54641.5    55000  1778078725306  1778078727506
read      255.2   105.7    74.4   127.2   140.7   238.3   295.1   321.3   339.3   362.5   393.1   435.6   521.5   687.6  1616.6  65083.9    65000  1778078729011  1778078731211
read      258.9   110.2    80.4   126.7   140.9   240.0   296.3   323.7   343.2   368.8   402.0   450.2   556.3   828.1  2092.3  74782.0    75000  1778078732716  1778078734920
read      254.6   110.2    80.4   124.6   139.0   234.1   287.7   316.1   336.9   364.3   399.8   451.5   558.1   771.5  2993.8  84778.6    85000  1778078736425  1778078738627
read      274.0   112.9    80.4   132.3   149.1   258.7   311.2   339.1   360.8   387.7   422.0   471.9   584.1   767.6  1148.3  95074.5    95000  1778078740132  1778078742334
read      312.7   133.4    80.4   145.0   166.2   292.9   350.3   384.9   409.2   439.3   480.2   549.6   727.5   939.9  2318.1 104909.9   105000  1778078743839  1778078746042
read      354.9   193.5    80.4   154.0   178.4   321.5   391.7   431.6   461.9   500.2   557.7   683.1   914.3  1227.2  4722.9 115226.4   115000  1778078747548  1778078749757
read      451.3   225.2    80.4   192.3   230.6   411.1   481.1   538.0   600.0   682.2   759.9   846.6   984.8  1244.7  3559.6 122532.4   125000  1778078751262  1778078753464
Warning! Detected max cpu usage > 95%
CPU Usage Stats (avg/min/max): 50.75%,1.50%,100.00%
