#type       avg     std     min      p5     p10     p50     p67     p75     p80     p85     p90     p95     p99    p999   p9999      QPS   target       ts_start         ts_end
read      249.2   127.7   101.3   163.8   178.0   237.9   263.4   276.8   288.5   301.7   319.1   349.9   435.8  1331.5  7548.8   4896.0     5000  1778078820478  1778078822740
read      258.5    69.8    86.8   157.9   175.6   254.9   283.1   298.2   310.3   322.8   341.0   372.8   452.5   570.1  1887.6  14889.5    15000  1778078824245  1778078826485
read      264.4   123.4    80.4   145.8   163.5   259.9   292.7   310.1   321.5   336.9   357.3   395.5   475.2  1122.9  4844.3  24990.5    25000  1778078827989  1778078830190
read      260.1    86.3    80.4   136.3   152.5   258.0   297.3   316.7   330.2   344.5   367.8   403.4   480.2   608.8  1334.4  35046.0    35000  1778078831695  1778078833899
read      259.8    96.9    80.4   132.1   147.6   252.8   301.1   323.3   338.7   357.4   382.3   421.4   493.6   611.1  2121.1  44825.8    45000  1778078835404  1778078837611
read      257.1   106.5    80.4   129.1   143.3   243.3   298.3   323.1   339.7   360.4   388.3   428.6   506.4   676.1  3523.5  55308.5    55000  1778078839116  1778078841317
read      254.4   112.5    74.4   125.0   139.1   237.1   293.3   319.4   337.4   359.8   390.6   433.6   530.9   782.3  2550.0  64986.5    65000  1778078842821  1778078845020
read      253.5   108.6    74.4   126.0   139.9   231.4   288.2   318.0   338.7   364.7   398.4   444.2   539.7   794.9  2181.2  75113.0    75000  1778078846524  1778078848726
read      260.2   112.5    74.4   128.0   142.6   241.4   296.8   324.9   344.7   371.0   403.8   452.1   549.0   738.4  2827.0  84953.7    85000  1778078850230  1778078852432
read      262.7   107.0    74.4   129.1   144.7   245.9   297.3   325.0   344.9   371.2   404.1   455.0   556.4   723.6  1496.7  95070.0    95000  1778078853936  1778078856137
read      271.5   122.7    80.4   132.6   149.2   250.7   303.3   333.3   356.8   386.1   422.6   477.0   594.3   815.5  2374.0 105046.9   105000  1778078857641  1778078859845
read      357.1   187.4    74.4   147.3   170.2   316.4   396.0   441.0   474.3   517.4   584.1   735.7   978.3  1175.6  1899.6 114546.1   115000  1778078861348  1778078863560
read      487.0   191.3    86.8   248.3   290.1   434.2   515.4   601.2   665.7   724.2   781.4   850.4   969.3  1139.1  3265.5 122422.4   125000  1778078865064  1778078867265
Warning! Detected max cpu usage > 95%
CPU Usage Stats (avg/min/max): 50.00%,0.00%,100.00%
