#type       avg     std     min      p5     p10     p50     p67     p75     p80     p85     p90     p95     p99    p999   p9999      QPS   target       ts_start         ts_end
read      231.8    92.7    86.8   152.0   164.3   222.4   248.8   263.4   273.4   287.4   304.4   330.4   415.7  1192.3  5986.4   4960.0     5000  1778078259324  1778078261583
read      251.9    71.9    80.4   150.8   167.8   248.7   278.7   294.0   305.5   318.1   336.0   365.0   434.7   559.0  1887.7  14940.5    15000  1778078263087  1778078265327
read      269.2    90.8    80.4   140.7   157.5   266.7   306.8   326.2   339.9   358.1   383.4   420.2   489.2   597.8  1936.8  24942.0    25000  1778078266832  1778078269036
read      283.0   123.6    80.4   134.9   151.6   273.8   324.0   350.4   372.8   398.2   426.9   467.5   560.4   869.0  3051.8  35070.0    35000  1778078270541  1778078272743
read      282.5   115.4    74.4   130.1   147.0   268.8   326.8   360.0   386.1   412.6   443.0   486.5   573.7   693.2  1278.5  45264.5    45000  1778078274248  1778078276448
read      292.1   138.6    74.4   130.8   147.8   273.1   335.8   374.2   401.1   430.7   464.6   512.6   610.7   845.4  4874.3  55113.5    55000  1778078277951  1778078280154
read      298.5   129.8    80.4   131.4   150.1   276.7   339.9   382.2   410.5   442.4   480.9   535.4   641.4   805.9  1251.7  65054.0    65000  1778078281658  1778078283865
read      357.5   167.0    74.4   148.8   173.5   329.7   408.9   452.0   482.7   518.8   567.5   648.2   862.4  1245.8  2418.2  74941.5    75000  1778078285370  1778078287572
read      881.7   376.8   160.7   643.6   669.8   775.5   814.7   850.7   873.3  1270.6  1433.8  1543.0  1692.9  7144.0  8021.4  74526.8    85000  1778078289077  1778078291278
read      906.1   378.0   118.1   656.8   694.0   794.4   842.4   868.9   918.6  1319.7  1479.0  1581.6  1729.1  7092.8  7942.1  72590.6    95000  1778078292782  1778078294984
read      846.2   366.1   109.4   627.0   653.0   740.7   780.9   801.7   836.6  1223.5  1396.1  1477.9  1601.6  7062.6  9051.1  77744.5   105000  1778078296488  1778078298693
read      826.6   350.8   127.6   608.1   639.8   726.6   763.8   791.6   809.3  1170.8  1354.4  1451.5  1584.8  6625.0  9151.3  79463.2   115000  1778078300197  1778078302397
read      823.8   350.0   137.8   594.8   615.2   717.3   761.5   798.3   855.6  1232.3  1341.9  1435.3  1575.2  7024.2  7753.7  79752.0   125000  1778078303900  1778078306103
Warning! Detected max cpu usage > 95%
CPU Usage Stats (avg/min/max): 50.75%,1.50%,100.00%
