#type       avg     std     min      p5     p10     p50     p67     p75     p80     p85     p90     p95     p99    p999   p9999      QPS   target       ts_start         ts_end
read      236.6    76.3   101.3   157.4   169.7   228.0   252.1   266.2   275.6   289.4   307.5   339.2   431.0   586.3  3114.0   4936.5     5000  1778079092379  1778079094646
read      274.1    85.5    93.8   156.6   175.3   270.7   304.0   321.0   334.8   349.8   374.0   411.8   478.0   589.7  2995.7  14878.0    15000  1778079096150  1778079098393
read      287.3   105.6    80.4   143.5   162.6   281.9   326.3   349.0   369.3   392.6   419.0   456.8   535.2   683.0  3235.2  24884.0    25000  1778079099897  1778079102098
read      284.2   115.3    80.4   134.3   151.1   273.9   327.5   357.1   380.7   405.4   433.5   470.5   550.0   708.7  1962.0  34868.5    35000  1778079103603  1778079105806
read      293.5   125.6    74.4   127.9   144.5   279.4   343.0   382.8   407.7   433.0   463.8   507.8   591.9   777.1  1924.1  44943.0    45000  1778079107311  1778079109513
read      309.2   149.3    80.4   127.7   144.5   284.8   363.2   408.4   435.3   466.4   503.8   557.6   677.0  1266.1  2730.3  54964.5    55000  1778079111017  1778079113221
read      318.2   161.8    68.9   126.4   143.1   282.7   374.5   425.1   457.6   493.5   536.5   602.9   768.8  1087.4  1616.7  65039.0    65000  1778079114726  1778079116928
read      795.9  1415.1    80.4   149.5   170.7   282.7   351.3   411.8   493.5  1029.3  2465.6  4592.2  6606.4  8267.3 10228.1  72785.9    75000  1778079118433  1778079120635
read      812.0  1569.5    80.4   148.3   166.0   267.5   329.7   367.0   399.9   497.6  2789.9  5333.1  7189.0  9417.5 10910.9  78755.5    85000  1778079122139  1778079124340
read      959.8  1904.6    80.4   168.3   187.5   313.4   367.4   397.3   422.3   460.9  4948.4  6287.4  7355.6  9345.1 11908.8  71246.5    95000  1778079125844  1778079128048
read      929.5  1869.4    86.8   163.0   182.6   299.8   350.2   382.0   407.7   451.5  4185.2  6259.7  7174.3  9230.4 11757.5  73447.5   105000  1778079129553  1778079131763
read      924.2  1884.6    86.8   162.8   182.7   293.2   346.2   379.1   404.5   445.7  4281.0  6261.5  7004.2  9826.6 15444.7  74248.2   115000  1778079133267  1778079135471
read      845.8  1788.0    74.4   154.1   177.6   270.4   305.8   329.3   349.1   383.3  2352.9  6195.5  7439.5  9272.4 12525.4  81009.3   125000  1778079136976  1778079139178
Warning! Detected max cpu usage > 95%
CPU Usage Stats (avg/min/max): 50.25%,0.50%,100.00%
