#type       avg     std     min      p5     p10     p50     p67     p75     p80     p85     p90     p95     p99    p999   p9999      QPS   target       ts_start         ts_end
read      243.0    67.7   101.3   161.2   174.8   233.8   260.7   275.2   287.1   299.9   317.5   350.1   430.4   601.9  1888.3   4923.0     5000  1778078925593  1778078927848
read      261.1    85.3    93.8   158.7   176.0   255.9   285.5   301.8   313.3   326.9   345.1   380.1   454.5   753.2  3362.4  14964.5    15000  1778078929352  1778078931591
read      265.0    80.9    80.4   149.2   166.3   261.9   295.8   313.5   326.0   341.2   363.9   401.0   473.4   608.4  1746.8  24960.5    25000  1778078933095  1778078935300
read      260.3   103.9    80.4   135.6   151.7   256.8   297.0   316.4   330.2   345.2   369.4   406.4   488.1   616.9  3129.0  35078.9    35000  1778078936805  1778078939006
read      261.8    98.7    74.4   132.7   148.0   254.6   302.6   324.6   340.0   359.8   386.5   426.2   503.9   656.1  1956.8  45302.0    45000  1778078940511  1778078942713
read      259.2   113.3    80.4   124.4   139.5   248.1   301.1   325.0   341.4   363.5   393.5   436.2   530.4   708.7  2567.4  54726.8    55000  1778078944218  1778078946421
read      251.1   101.1    74.4   122.6   137.0   235.0   290.6   317.3   335.5   358.0   389.8   432.0   512.5   673.7  1072.7  65213.0    65000  1778078947926  1778078950128
read      254.2   103.1    74.4   125.2   139.4   234.6   290.9   319.5   339.4   364.8   398.6   445.0   539.1   689.6   942.9  75376.1    75000  1778078951632  1778078953834
read      260.7   119.7    74.4   126.7   141.5   241.9   296.4   324.1   343.5   369.3   402.8   453.0   555.5   843.0  3085.1  84918.5    85000  1778078955339  1778078957540
read      265.0   128.5    80.4   128.7   144.0   244.9   298.3   326.5   347.0   375.3   411.3   464.9   577.6   766.2  4380.4  95184.9    95000  1778078959044  1778078961246
read      285.0   125.2    74.4   134.1   151.7   263.8   318.5   350.9   376.5   406.7   446.7   506.8   657.3   910.9  2036.8 105002.9   105000  1778078962751  1778078964951
read      380.9   194.2    80.4   157.2   183.4   345.0   424.8   468.0   500.7   542.0   609.6   765.8   990.9  1173.2  4003.9 113982.4   115000  1778078966455  1778078968657
read      461.7   195.8    86.8   218.1   258.5   417.6   499.8   566.5   620.6   679.0   743.7   829.1   974.4  1166.8  4105.0 123461.4   125000  1778078970162  1778078972364
Warning! Detected max cpu usage > 95%
CPU Usage Stats (avg/min/max): 51.00%,1.99%,100.00%
