#type       avg     std     min      p5     p10     p50     p67     p75     p80     p85     p90     p95     p99    p999   p9999      QPS   target       ts_start         ts_end
read      240.6    67.8    93.8   159.4   171.8   231.8   258.2   272.9   284.3   296.6   316.3   346.5   443.8   581.6  2035.9   5029.5     5000  1778078320740  1778078322998
read      261.8    76.0    93.8   155.7   173.0   257.8   288.5   305.7   317.4   332.3   350.8   388.4   463.1   572.1  1890.2  14857.5    15000  1778078324503  1778078326745
read      275.3   105.9    80.4   141.7   159.4   269.4   311.2   332.5   346.9   369.3   396.5   434.9   519.0  1280.1  2470.4  25018.0    25000  1778078328250  1778078330449
read      285.2   110.2    80.4   135.9   152.7   276.0   327.8   359.0   383.0   406.3   433.6   473.7   564.1   686.8  1660.8  34821.0    35000  1778078331953  1778078334157
read      286.5   125.7    74.4   132.9   149.7   270.7   330.2   366.5   391.5   417.8   449.1   493.8   579.2   722.5  3299.1  44822.6    45000  1778078335662  1778078337866
read      299.8   130.3    74.4   131.7   150.0   281.3   344.2   385.2   411.6   440.9   476.1   530.8   637.5   800.6  2388.9  54654.5    55000  1778078339370  1778078341571
read      301.6   129.1    80.4   132.8   151.8   279.5   344.3   386.9   415.4   446.9   485.6   541.6   652.4   796.1  1068.0  64814.0    65000  1778078343075  1778078345274
read      360.0   176.1    74.4   151.9   177.8   334.8   411.2   454.0   484.6   520.2   567.6   641.3   824.3  1116.8  4150.7  75141.0    75000  1778078346778  1778078348979
read      884.1   432.0   118.1   640.4   669.9   777.0   817.3   852.6   879.7  1242.1  1436.6  1545.8  1700.5  7203.9 18989.8  74397.3    85000  1778078350484  1778078352688
read      899.3   377.8   160.7   665.4   699.3   794.5   837.3   861.1   885.2  1094.4  1473.2  1577.2  1718.2  7124.5  8825.6  73244.0    95000  1778078354193  1778078356392
read      893.5   383.7   148.8   660.0   694.5   785.2   826.1   856.2   881.1  1195.1  1457.9  1563.2  1712.6  7164.6  9214.9  73766.8   105000  1778078357897  1778078360099
read      810.2   352.4   118.1   579.7   607.4   708.8   748.1   788.5   833.5  1196.3  1317.9  1414.7  1552.9  7032.7  8587.1  80920.0   115000  1778078361604  1778078363807
read      814.1   340.1   118.1   589.1   613.6   715.2   753.1   788.5   818.1  1200.0  1333.5  1433.4  1568.7  6554.3  7996.6  80639.5   125000  1778078365312  1778078367512
Warning! Detected max cpu usage > 95%
CPU Usage Stats (avg/min/max): 50.50%,1.00%,100.00%
