#type       avg     std     min      p5     p10     p50     p67     p75     p80     p85     p90     p95     p99    p999   p9999      QPS   target       ts_start         ts_end
read      246.1    93.3   101.3   156.7   171.1   236.1   264.3   279.0   291.0   305.8   325.4   360.2   461.2   759.2  4237.3   4914.0     5000  1778078592332  1778078594591
read      265.7   125.7    93.8   153.1   170.3   258.3   291.1   308.8   320.8   337.8   361.4   399.6   482.6   811.9  5764.1  14930.0    15000  1778078596094  1778078598335
read      287.7   100.2    80.4   143.4   162.1   282.5   327.4   352.1   372.6   395.7   422.8   460.4   540.7   695.1  1384.7  25075.5    25000  1778078599840  1778078602044
read      293.5   118.2    80.4   139.3   157.0   282.1   337.8   371.8   395.0   419.0   446.3   488.5   573.1   717.7  2774.2  34721.0    35000  1778078603548  1778078605749
read      303.9   136.9    74.4   130.0   146.2   284.4   352.8   396.7   424.6   454.9   491.3   543.1   657.4   860.5  1385.8  45045.0    45000  1778078607254  1778078609457
read      296.8   141.3    74.4   124.9   139.8   270.2   346.2   395.9   425.8   457.6   495.7   548.1   665.3   860.4  1590.3  55013.5    55000  1778078610961  1778078613164
read      312.5   161.9    74.4   127.3   142.7   272.3   362.3   418.8   455.4   494.9   540.8   610.0   769.2  1101.6  1699.3  64962.0    65000  1778078614668  1778078616870
read      393.7   325.6    74.4   137.9   156.2   285.1   395.6   492.7   559.8   637.2   754.5   966.3  1645.8  2726.3  7164.0  75009.4    75000  1778078618375  1778078620579
read      886.1  1177.7   109.4   257.8   278.7   388.4   582.5   637.7   681.3   845.8  3365.8  3564.8  3769.4  8040.6 10117.7  75282.2    85000  1778078622084  1778078624284
read      834.6  1159.5   101.3   229.5   251.6   380.7   530.8   586.8   629.0   716.7  3335.0  3542.7  3765.7  7988.9  9872.8  80038.2    95000  1778078625790  1778078627992
read      914.9  1204.6    93.8   261.5   283.7   403.9   596.2   659.7   710.5  1332.9  3389.1  3594.0  3960.5  8020.8  9983.1  73425.0   105000  1778078629496  1778078631700
read      876.4  1181.8    93.8   247.6   268.8   392.2   568.7   619.9   660.2   779.1  3371.8  3575.8  3766.9  8077.9 12099.7  76917.5   115000  1778078633204  1778078635406
read      903.3  1194.1   109.4   257.8   278.9   397.1   588.7   646.0   690.7  1264.1  3383.4  3589.0  3943.5  8018.8  9449.0  74494.8   125000  1778078636911  1778078639113
Warning! Detected max cpu usage > 95%
CPU Usage Stats (avg/min/max): 50.00%,0.00%,100.00%
