#type       avg     std     min      p5     p10     p50     p67     p75     p80     p85     p90     p95     p99    p999   p9999      QPS   target       ts_start         ts_end
read      232.0    96.9    86.8   154.3   166.4   223.1   246.6   260.7   271.2   284.0   298.8   327.3   404.1  1188.6  4234.6   4997.5     5000  1778079259638  1778079261901
read      254.0    69.3    93.8   156.2   173.1   250.0   277.6   292.8   304.1   316.9   334.9   365.3   443.3   588.6  1555.2  15148.0    15000  1778079263406  1778079265648
read      269.3   117.3    86.8   147.7   165.1   264.0   299.1   317.3   330.8   345.3   367.8   402.2   494.0  1705.3  3678.3  24925.5    25000  1778079267154  1778079269355
read      267.0    98.3    80.4   137.4   154.1   264.2   304.4   324.2   338.4   356.5   382.2   419.8   494.3   668.3  2916.5  35160.0    35000  1778079270860  1778079273063
read      269.1   104.3    80.4   132.4   147.9   260.3   309.8   333.8   350.7   374.0   403.8   447.5   539.3   750.4  1801.3  45145.0    45000  1778079274567  1778079276769
read      272.3   114.5    80.4   130.4   145.3   256.4   311.4   339.2   361.3   389.4   424.3   474.7   592.2   805.9  1387.9  54773.5    55000  1778079278276  1778079280479
read      259.5   113.2    74.4   123.6   137.4   237.3   294.5   324.7   346.0   378.0   418.5   473.5   582.7   748.4  1143.8  65073.0    65000  1778079281984  1778079284195
read      268.0   125.0    80.4   124.8   138.6   241.0   301.0   333.2   359.5   395.8   442.8   510.0   647.9   819.7  1059.5  75046.0    75000  1778079285700  1778079287907
read      278.6   150.8    80.4   126.7   140.4   240.1   302.8   339.5   372.5   418.0   476.2   565.5   750.7  1059.5  2322.6  85093.1    85000  1778079289412  1778079291614
read      302.5   197.9    80.4   130.3   145.2   248.2   311.1   353.2   393.7   452.6   534.8   671.3   998.2  1607.4  4359.5  94879.0    95000  1778079293119  1778079295325
read      359.7   329.2    74.4   139.1   156.2   264.0   325.4   371.2   417.2   494.4   658.5   991.9  1823.4  2929.8  7154.6 104697.5   105000  1778079296830  1778079299033
read      458.6   641.9    74.4   152.3   174.6   295.0   362.9   408.7   449.5   507.3   627.0  1437.4  3395.4  7525.8  8139.3 114988.4   115000  1778079300538  1778079302741
read      531.6   797.5    86.8   180.6   205.8   332.9   398.9   438.6   470.1   510.7   581.7  2725.8  3707.8  7742.8  9199.7 120065.4   125000  1778079304245  1778079306449
Warning! Detected max cpu usage > 95%
CPU Usage Stats (avg/min/max): 50.75%,1.51%,100.00%
