#type       avg     std     min      p5     p10     p50     p67     p75     p80     p85     p90     p95     p99    p999   p9999      QPS   target       ts_start         ts_end
read      235.1    72.6   101.3   157.1   169.5   227.9   251.4   265.2   274.4   288.4   305.6   333.2   407.6   705.8  2998.1   4889.0     5000  1778078539798  1778078542054
read      268.9    79.9    93.8   156.1   174.3   263.8   296.9   314.9   327.9   342.9   367.2   403.0   485.6   621.4  1683.6  14843.0    15000  1778078543558  1778078545798
read      275.5    99.1    80.4   142.1   159.0   269.2   312.8   335.7   352.9   375.6   400.9   435.4   509.4   664.3  2167.4  24957.5    25000  1778078547303  1778078549503
read      282.2   130.5    80.4   132.9   150.0   270.8   324.6   354.9   378.7   401.7   430.6   469.9   555.6   723.5  4166.5  34806.0    35000  1778078551008  1778078553209
read      291.9   126.6    74.4   128.9   144.1   276.9   338.4   377.9   403.9   432.0   465.1   510.2   610.8   777.7  1442.1  44965.5    45000  1778078554714  1778078556915
read      304.9   148.2    74.4   125.6   141.4   281.0   355.6   401.7   431.8   465.3   506.4   565.2   686.5   871.9  2770.7  55008.5    55000  1778078558420  1778078560623
read      317.5   178.6    74.4   127.3   142.9   273.3   361.7   422.2   461.6   503.2   551.8   628.6   808.0  1182.8  4258.9  64741.4    65000  1778078562128  1778078564330
read      524.0   597.1    80.4   152.1   175.2   326.0   433.9   534.6   636.7   819.5  1095.3  1764.2  2983.8  7068.1 10132.1  74773.2    75000  1778078565835  1778078568039
read      861.5  1155.4    93.8   230.8   258.7   397.7   537.0   622.6   683.3   828.8  3329.2  3518.1  3792.8  8034.4 11585.0  76334.4    85000  1778078569544  1778078571746
read      856.2  1157.6    86.8   237.8   261.0   392.9   547.8   608.7   654.8   765.5  3348.5  3555.0  3768.6  7977.0  9566.7  77772.5    95000  1778078573252  1778078575454
read      801.6  1129.0    93.8   219.9   240.0   380.1   504.8   550.4   587.9   660.9  3312.2  3517.4  3750.9  7990.6 10049.2  83416.4   105000  1778078576959  1778078579160
read      949.4  1210.3   101.3   274.8   298.3   422.1   627.8   688.7   739.0  3164.0  3397.9  3604.8  3984.5  8017.9  9983.9  70744.0   115000  1778078580665  1778078582868
read      905.1  1193.7    86.8   255.4   277.7   412.9   584.9   643.9   691.4  1253.0  3381.0  3585.1  3857.0  8059.7 12031.3  74336.5   125000  1778078584373  1778078586576
Warning! Detected max cpu usage > 95%
CPU Usage Stats (avg/min/max): 50.25%,0.50%,100.00%
