#type       avg     std     min      p5     p10     p50     p67     p75     p80     p85     p90     p95     p99    p999   p9999      QPS   target       ts_start         ts_end
read      255.3    98.8   109.4   165.7   180.8   245.1   270.6   286.1   297.0   312.1   330.8   365.0   464.2  1893.3  2956.5   4902.0     5000  1778078040161  1778078042416
read      259.9    92.2    86.8   150.7   167.5   255.8   287.0   303.9   315.8   330.9   350.0   385.7   460.7   605.5  4753.3  14890.5    15000  1778078043919  1778078046162
read      278.5   102.9    80.4   146.2   163.8   273.3   314.3   336.1   352.5   373.9   401.0   436.2   514.5   653.5  3171.0  25106.0    25000  1778078047666  1778078049869
read      297.2   150.8    80.4   138.6   155.4   285.2   339.6   373.3   395.5   419.7   448.3   491.4   586.9  2116.0  3394.5  34894.5    35000  1778078051374  1778078053586
read      290.2   126.8    74.4   133.0   150.5   273.2   334.6   372.4   398.4   425.5   457.4   503.0   587.0   722.8  1273.6  44694.5    45000  1778078055090  1778078057293
read      298.8   128.1    74.4   131.7   149.5   280.1   344.8   385.3   411.6   440.5   475.5   529.3   633.7   778.2  1154.1  54771.5    55000  1778078058797  1778078060996
read      298.7   134.7    74.4   128.9   147.1   276.8   340.9   382.8   411.5   444.0   483.2   539.1   652.4   870.4  2008.3  64876.5    65000  1778078062501  1778078064705
read      345.4   153.6    74.4   146.8   171.4   320.4   395.6   437.2   467.5   503.1   547.3   619.1   779.4  1015.6  2013.2  75163.0    75000  1778078066210  1778078068411
read      889.4   387.4   109.4   644.5   673.6   785.5   831.8   860.2   893.8  1268.8  1447.7  1564.2  1717.6  7164.4  9121.9  73780.5    85000  1778078069915  1778078072118
read      873.9   368.2   148.8   642.1   665.8   770.1   806.5   843.8   869.0  1246.7  1424.6  1530.5  1668.8  7084.2  7953.7  75380.7    95000  1778078073623  1778078075826
read      869.9   370.9   127.6   643.4   665.3   764.6   801.3   835.2   864.5  1263.5  1422.6  1517.0  1650.4  7079.8  9185.6  75651.4   105000  1778078077330  1778078079531
read      875.2   366.9   137.8   649.2   675.2   768.4   802.3   836.1   865.1  1270.9  1436.8  1532.8  1658.1  7059.6  8100.0  75192.0   115000  1778078081036  1778078083237
read      877.7   366.1   127.6   644.4   667.8   770.6   806.6   844.5   870.2  1298.9  1432.8  1531.6  1668.3  7102.7  7784.0  75077.1   125000  1778078084742  1778078086946
Warning! Detected max cpu usage > 95%
CPU Usage Stats (avg/min/max): 50.25%,0.50%,100.00%
