#type       avg     std     min      p5     p10     p50     p67     p75     p80     p85     p90     p95     p99    p999   p9999      QPS   target       ts_start         ts_end
read      249.7    95.3   101.3   163.7   177.5   239.8   266.6   281.4   292.3   306.1   323.3   357.8   443.6  1365.6  3232.1   5001.0     5000  1778078092816  1778078095070
read      271.8    97.2    86.8   156.1   175.2   266.0   298.4   315.8   329.1   344.9   370.2   410.6   498.4   707.1  3112.3  15006.5    15000  1778078096575  1778078098814
read      286.1   108.6    80.4   143.8   162.2   281.5   324.6   348.4   368.5   389.9   414.5   451.0   532.3   715.5  3231.9  25009.5    25000  1778078100320  1778078102519
read      291.5   132.4    74.4   137.2   153.7   280.9   336.2   369.4   391.5   415.0   442.3   482.3   570.3   738.5  3998.3  34859.0    35000  1778078104024  1778078106225
read      287.4   137.2    74.4   128.9   145.8   270.3   329.7   367.0   392.6   419.5   451.2   497.8   593.6   908.2  3985.2  45028.0    45000  1778078107731  1778078109934
read      287.0   123.5    74.4   129.1   145.7   266.2   331.2   370.6   397.5   427.0   461.7   508.7   607.5   767.8  1452.8  54978.5    55000  1778078111439  1778078113636
read      297.7   130.0    74.4   131.4   149.5   274.2   341.5   383.5   411.7   442.9   482.2   536.9   647.3   803.0  1104.4  64775.8    65000  1778078115141  1778078117343
read      370.3   186.5    80.4   152.2   179.8   343.7   421.2   465.4   497.9   535.5   584.2   671.1   865.7  1147.4  5126.8  75179.0    75000  1778078118848  1778078121047
read      849.1   355.8   127.6   613.9   647.7   750.0   795.3   828.4   861.9  1135.0  1378.1  1481.5  1637.8  7054.4  7993.2  77105.6    85000  1778078122551  1778078124751
read      849.7   375.6    93.8   602.9   641.7   746.3   791.8   822.8   863.3  1223.4  1388.0  1484.8  1626.3  7049.2  8006.5  77009.5    95000  1778078126257  1778078128458
read      861.0   364.1   118.1   642.8   663.4   756.1   795.1   823.5   860.1  1209.4  1411.4  1493.9  1631.6  7085.5  8128.1  76463.0   105000  1778078129963  1778078132165
read      819.2   349.6   137.8   592.2   613.8   712.3   751.2   792.4   849.9  1230.4  1332.5  1422.6  1561.0  7008.3  7936.7  80252.8   115000  1778078133670  1778078135873
read      833.6   367.7   109.4   602.9   638.1   732.0   772.5   797.4   829.0  1175.6  1366.3  1461.7  1595.8  6883.5  9062.2  78731.5   125000  1778078137378  1778078139578
Warning! Detected max cpu usage > 95%
CPU Usage Stats (avg/min/max): 51.25%,2.50%,100.00%
