#type       avg     std     min      p5     p10     p50     p67     p75     p80     p85     p90     p95     p99    p999   p9999      QPS   target       ts_start         ts_end
read      233.1    57.9    93.8   158.9   171.8   227.0   249.2   261.8   270.5   282.0   296.8   323.2   399.7   640.1  1334.7   5021.0     5000  1778079154384  1778079156649
read      248.4    66.7    93.8   154.3   170.8   245.6   272.2   286.6   296.1   309.2   324.3   351.1   422.2   536.3  1283.5  15002.0    15000  1778079158154  1778079160399
read      257.7    79.2    80.4   143.3   160.7   257.3   289.9   306.9   318.2   332.9   350.3   384.8   451.2   570.6  1496.8  25014.0    25000  1778079161903  1778079164103
read      259.6    88.5    80.4   135.8   151.4   256.9   297.7   317.1   331.0   345.7   368.8   404.8   479.5   620.0  1669.2  34885.8    35000  1778079165607  1778079167811
read      259.1   100.9    74.4   130.0   144.6   250.4   298.1   321.1   338.0   358.9   387.5   428.0   509.0   648.3  2992.9  44990.0    45000  1778079169315  1778079171518
read      259.0   105.6    74.4   126.0   140.2   243.8   297.5   324.0   342.8   368.2   401.4   450.7   541.4   726.3  1429.6  55217.5    55000  1778079173023  1778079175225
read      263.5   127.5    80.4   123.6   137.5   242.3   299.4   328.3   349.8   382.0   421.9   479.7   589.2   921.6  3113.8  64943.4    65000  1778079176729  1778079178931
read      268.8   135.4    74.4   124.5   138.4   240.2   301.5   334.2   361.4   398.3   444.4   511.6   649.1   853.2  2504.7  74824.9    75000  1778079180434  1778079182634
read      280.1   140.5    80.4   127.8   141.7   247.6   308.0   341.3   371.7   414.0   470.9   555.9   741.2  1030.0  1365.8  84899.5    85000  1778079184138  1778079186340
read      287.2   174.7    80.4   126.3   140.2   237.3   297.2   335.0   371.3   428.7   511.1   638.5   915.2  1402.4  1968.8  94789.0    95000  1778079187843  1778079190044
read      376.8   424.4    74.4   138.6   155.9   269.5   333.2   379.6   421.2   486.4   619.7   957.6  2433.0  3752.7  7983.4 104917.4   105000  1778079191548  1778079193750
read      496.0   736.2    80.4   158.7   181.7   308.1   376.4   421.1   457.1   505.3   592.0  2141.4  3536.0  7649.2  8979.7 115182.9   115000  1778079195254  1778079197458
read      525.3   798.8    86.8   178.6   202.8   329.8   392.2   429.3   459.0   498.3   562.9  2939.8  3679.8  7713.1  8138.6 121539.6   125000  1778079198961  1778079201164
Warning! Detected max cpu usage > 95%
CPU Usage Stats (avg/min/max): 50.50%,1.01%,100.00%
