#type       avg     std     min      p5     p10     p50     p67     p75     p80     p85     p90     p95     p99    p999   p9999      QPS   target       ts_start         ts_end
read      245.2    78.8   109.4   160.7   174.6   237.2   263.2   276.8   288.7   302.3   320.6   352.7   435.3   844.7  4075.1   4946.5     5000  1778078487067  1778078489331
read      271.3    82.4    86.8   154.7   173.0   266.7   300.3   318.4   332.2   346.7   371.8   410.0   490.0   616.3  2201.6  14895.5    15000  1778078490835  1778078493077
read      272.1    99.7    80.4   140.0   157.3   266.6   307.8   329.2   343.9   366.1   393.4   429.9   511.2   757.8  2261.9  24703.3    25000  1778078494581  1778078496785
read      291.7   145.4    80.4   134.6   151.7   280.0   336.3   368.7   391.0   414.8   442.8   486.6   583.7   883.4  4903.0  34875.5    35000  1778078498290  1778078500491
read      298.4   131.9    74.4   130.6   146.7   280.1   347.3   389.9   416.2   443.9   477.5   527.1   631.6   785.0  1964.3  44613.0    45000  1778078501996  1778078504197
read      308.8   146.3    74.4   128.3   144.2   281.1   361.0   409.5   440.5   474.5   514.8   575.2   706.6   901.5  1157.8  55226.0    55000  1778078505702  1778078507905
read      313.6   172.2    80.4   129.3   144.4   265.9   360.4   421.1   458.5   497.9   544.8   621.2   793.8  1096.0  3233.7  64825.9    65000  1778078509411  1778078511613
read      350.1   245.3    74.4   133.9   150.6   267.9   375.1   464.3   518.3   573.1   641.1   760.1  1120.5  2301.6  4288.7  75033.5    75000  1778078513119  1778078515319
read      914.2  1191.4    93.8   256.0   280.5   420.1   593.7   654.6   703.7  1874.6  3378.1  3588.6  3955.7  8010.6  9533.0  73181.0    85000  1778078516824  1778078519024
read      859.5  1156.4   101.3   239.8   262.1   397.6   553.8   605.8   644.1   759.0  3353.9  3558.1  3754.1  8000.1 11252.2  77979.3    95000  1778078520530  1778078522730
read      869.5  1166.0   109.4   249.3   268.8   386.2   569.2   617.0   653.4   755.4  3369.5  3569.7  3756.2  8015.7  9902.8  77250.6   105000  1778078524233  1778078526433
read      859.5  1170.9   118.1   238.6   260.1   388.1   548.9   612.0   660.6   767.0  3362.9  3567.1  3767.3  8001.8 10002.1  77983.6   115000  1778078527937  1778078530140
read      905.8  1206.0   101.3   261.7   282.4   395.1   594.9   654.4   699.6   871.3  3382.7  3592.3  4014.5  8028.3  9979.3  74231.4   125000  1778078531645  1778078533846
Warning! Detected max cpu usage > 95%
CPU Usage Stats (avg/min/max): 50.00%,0.00%,100.00%
