#type       avg     std     min      p5     p10     p50     p67     p75     p80     p85     p90     p95     p99    p999   p9999      QPS   target       ts_start         ts_end
read      236.0    73.0    93.8   157.7   171.0   227.5   252.3   266.6   276.0   289.2   306.2   336.1   408.0   778.8  2199.7   5001.5     5000  1778078759185  1778078761452
read      255.1    66.0    80.4   156.8   173.5   251.7   278.3   293.1   304.5   317.8   336.8   370.7   449.4   557.2   807.2  15133.5    15000  1778078762957  1778078765198
read      260.3    89.1    80.4   145.3   162.3   258.3   290.9   307.4   318.2   332.7   350.3   386.6   469.5   868.5  2373.0  25155.5    25000  1778078766703  1778078768909
read      265.1    88.4    80.4   139.9   155.9   261.3   302.8   322.5   336.8   353.3   376.0   417.3   503.5   634.2   863.9  35222.0    35000  1778078770413  1778078772617
read      260.3    94.2    80.4   131.9   147.3   254.8   301.4   322.5   337.8   356.3   382.0   422.0   499.4   637.1  1101.2  44909.0    45000  1778078774121  1778078776326
read      252.1   101.3    74.4   125.9   140.4   240.5   293.6   317.4   333.7   352.6   380.0   418.5   494.8   621.2  1495.2  55170.8    55000  1778078777830  1778078780037
read      259.2   103.5    74.4   129.5   144.2   242.1   298.2   324.8   342.6   366.2   396.4   436.6   535.4   821.8  1497.0  65006.5    65000  1778078781541  1778078783742
read      253.3   102.2    80.4   125.4   140.0   235.0   290.3   318.1   337.3   361.3   393.4   436.5   531.4   687.0  1351.8  75064.0    75000  1778078785247  1778078787448
read      263.7   113.3    74.4   131.5   146.8   243.4   299.1   328.5   349.3   376.2   409.6   457.6   550.0   723.4  2143.6  85168.0    85000  1778078788953  1778078791157
read      261.1   108.1    74.4   128.3   143.3   242.6   294.9   322.4   342.7   369.4   403.6   455.6   566.4   854.8  1561.7  94604.8    95000  1778078792662  1778078794866
read      278.8   125.5    80.4   134.6   150.9   255.7   311.6   343.4   369.1   399.1   437.1   497.7   632.4   869.1  3126.7 105230.4   105000  1778078796371  1778078798573
read      392.8   233.7    80.4   147.1   169.3   340.0   440.8   497.2   539.0   590.9   675.1   861.6  1113.0  1325.3  6993.6 112341.9   115000  1778078800078  1778078802278
read      550.6   218.8    93.8   298.6   335.1   494.0   586.6   663.8   727.9   796.6   866.5   958.6  1126.9  1340.6  5076.7 114647.8   125000  1778078803783  1778078805987
Warning! Detected max cpu usage > 95%
CPU Usage Stats (avg/min/max): 50.50%,1.00%,100.00%
