#type       avg     std     min      p5     p10     p50     p67     p75     p80     p85     p90     p95     p99    p999   p9999      QPS   target       ts_start         ts_end
read      237.0    65.8   101.3   159.2   171.7   229.7   254.2   267.9   277.2   290.4   307.7   336.3   411.3   652.4  1962.9   4900.0     5000  1778078654302  1778078656562
read      255.2    80.1    86.8   155.7   172.8   251.4   278.9   294.2   305.6   318.0   335.9   366.2   439.0   587.9  2993.5  14985.0    15000  1778078658067  1778078660328
read      264.1    95.0    80.4   147.0   164.5   261.7   295.5   313.6   326.1   340.8   361.7   396.8   470.7   601.7  2197.7  25125.0    25000  1778078661833  1778078664035
read      262.1   114.6    80.4   138.2   154.3   257.2   296.4   315.7   329.4   344.5   369.4   408.3   490.8   906.1  3117.2  34801.5    35000  1778078665539  1778078667742
read      256.4   100.8    80.4   129.6   144.1   252.3   298.2   318.6   332.9   348.1   372.0   408.3   486.8   653.0  2371.8  45113.0    45000  1778078669247  1778078671447
read      253.4    96.3    74.4   126.7   140.9   243.0   295.3   318.4   334.4   352.9   380.1   421.5   499.7   624.0   778.9  54994.2    55000  1778078672951  1778078675153
read      253.0   103.0    80.4   124.4   138.8   238.2   293.3   318.5   335.8   357.0   386.9   429.1   520.1   685.7  2471.9  64884.0    65000  1778078676658  1778078678859
read      257.3   129.2    74.4   124.8   139.1   236.4   294.6   322.4   341.5   366.4   398.8   446.5   548.6   840.5  3176.0  75178.5    75000  1778078680363  1778078682564
read      258.2   105.0    74.4   126.8   141.6   239.9   295.1   322.7   342.7   369.0   401.1   447.9   542.1   717.8  1886.3  84881.0    85000  1778078684069  1778078686270
read      264.4   108.2    68.9   130.0   145.4   246.6   299.7   327.5   347.9   374.8   407.7   457.9   560.4   779.0  1790.8  95216.0    95000  1778078687775  1778078689978
read      294.8   141.8    80.4   138.3   156.2   272.9   329.3   362.5   387.6   417.4   457.6   523.7   690.4   988.0  4195.6 104767.1   105000  1778078691483  1778078693685
read      361.0   195.2    80.4   146.2   167.7   317.9   401.0   449.6   486.0   533.1   604.3   744.4   995.3  1200.3  3193.1 114676.9   115000  1778078695189  1778078697390
read      549.5   236.2    93.8   308.0   348.2   481.4   553.7   665.8   751.1   818.5   879.2   947.1  1063.6  1935.6  7106.0 115191.7   125000  1778078698894  1778078701097
Warning! Detected max cpu usage > 95%
CPU Usage Stats (avg/min/max): 50.00%,0.00%,100.00%
