#type       avg     std     min      p5     p10     p50     p67     p75     p80     p85     p90     p95     p99    p999   p9999      QPS   target       ts_start         ts_end
read      243.1   163.5   101.3   161.9   174.7   232.1   256.5   269.6   279.1   291.9   310.1   340.5   424.9  1255.4  7940.4   4944.0     5000  1778079427132  1778079429396
read      258.2    71.5    80.4   159.9   176.8   253.6   280.8   295.5   307.3   319.8   339.3   372.3   451.0   608.8  1886.0  14994.5    15000  1778079430900  1778079433143
read      260.4    82.2    80.4   147.7   164.5   258.3   290.7   307.4   318.7   334.0   353.0   387.6   469.6   607.0  1285.4  24909.0    25000  1778079434648  1778079436852
read      265.7    88.2    74.4   141.4   158.3   262.9   300.7   319.0   332.9   347.5   370.9   411.4   507.3   728.8  1187.8  35035.0    35000  1778079438356  1778079440560
read      259.4   108.1    80.4   133.3   148.9   256.0   298.5   318.1   332.2   346.8   369.8   405.1   498.1   697.8  3830.9  44953.5    45000  1778079442065  1778079444268
read      250.2    91.0    80.4   130.0   144.1   241.6   289.6   311.9   326.5   342.3   365.0   401.8   485.7   611.9  1620.8  54697.0    55000  1778079445773  1778079447977
read      250.0   103.7    74.4   127.1   141.0   237.0   290.2   314.3   330.3   347.3   371.6   411.2   495.4   648.7  2034.3  65247.9    65000  1778079449481  1778079451685
read      246.1    96.3    74.4   125.7   139.4   229.8   284.1   309.9   326.5   344.8   370.5   413.5   505.0   668.2   908.9  74892.5    75000  1778079453191  1778079455394
read      242.2   101.2    74.4   125.1   138.2   221.5   273.8   302.1   320.2   341.3   369.4   415.6   523.8   810.4  1851.9  84870.0    85000  1778079456898  1778079459101
read      246.9   108.9    74.4   127.1   140.2   226.8   279.1   307.5   326.2   346.6   374.8   421.6   527.0   746.7  3659.0  94811.0    95000  1778079460606  1778079462811
read      244.2   111.3    80.4   125.1   138.5   222.8   272.7   301.0   319.5   341.7   371.4   421.3   543.6  1021.2  3408.0 104800.8   105000  1778079464316  1778079466520
read      251.4   102.9    74.4   128.5   142.5   231.1   281.8   309.8   329.4   352.7   385.4   435.8   555.1   749.6  1145.0 114869.9   115000  1778079468025  1778079470229
read      265.9   119.8    80.4   136.3   152.4   249.0   297.0   322.8   341.9   365.9   397.6   449.6   574.0   834.1  1780.6 125075.0   125000  1778079471734  1778079473941
Warning! Detected max cpu usage > 95%
CPU Usage Stats (avg/min/max): 50.00%,0.00%,100.00%
