#type       avg     std     min      p5     p10     p50     p67     p75     p80     p85     p90     p95     p99    p999   p9999      QPS   target       ts_start         ts_end
read      243.6   111.1   101.3   156.8   171.4   233.6   260.8   275.1   287.1   300.1   318.3   350.6   426.9   847.3  5991.5   4906.5     5000  1778079039715  1778079041974
read      275.5    89.8    80.4   154.6   173.4   270.1   305.8   324.2   338.0   355.3   380.6   421.0   500.0   635.1  2704.0  14904.5    15000  1778079043479  1778079045726
read      285.3   102.1    80.4   142.1   160.4   280.8   325.5   348.7   368.5   391.7   418.3   454.4   530.5   667.3  2035.4  25140.5    25000  1778079047231  1778079049431
read      299.2   123.0    80.4   136.0   153.8   287.9   345.3   381.5   404.3   428.9   459.2   503.9   596.6   761.0  2035.7  35182.0    35000  1778079050936  1778079053140
read      301.8   151.5    80.4   128.9   145.6   284.5   349.3   391.7   417.4   444.2   476.8   525.9   624.9  1590.4  4117.6  45053.0    45000  1778079054645  1778079056845
read      304.3   149.0    74.4   124.7   141.4   282.7   358.3   402.5   430.9   461.4   497.5   547.1   659.9   978.8  2904.4  54936.7    55000  1778079058350  1778079060549
read      315.2   166.7    74.4   124.2   140.5   280.0   373.2   423.9   456.1   491.1   532.1   591.2   756.4  1084.0  2689.3  64956.5    65000  1778079062054  1778079064254
read      491.9   579.0    74.4   133.1   151.7   282.2   436.2   556.4   649.6   791.4  1040.3  1578.1  2921.7  5854.3  8130.8  75155.6    75000  1778079065760  1778079067963
read      871.6  1804.5    80.4   156.7   178.5   280.5   321.9   349.3   372.9   414.0  2974.9  6203.6  7500.5  9300.3 10879.6  77360.5    85000  1778079069468  1778079071675
read      849.6  1784.7    80.4   155.2   179.6   264.2   303.4   334.2   365.1   417.2  2621.3  6196.5  7420.7  9194.1 10735.2  80301.5    95000  1778079073179  1778079075377
read      887.5  1835.4    80.4   156.2   176.6   287.8   327.9   352.8   373.2   407.4  3033.5  6219.3  7340.7  9432.9 11945.9  77081.5   105000  1778079076881  1778079079083
read      828.1  1774.5    80.4   151.5   175.0   265.8   300.3   322.6   342.5   373.6  1199.5  6182.5  7534.3  9345.6 12829.0  82256.0   115000  1778079080588  1778079082790
read      908.6  1857.2    80.4   160.2   180.9   295.1   338.1   365.0   388.3   427.5  3300.0  6242.2  7519.6  9644.8 11956.1  75433.5   125000  1778079084295  1778079086494
Warning! Detected max cpu usage > 95%
CPU Usage Stats (avg/min/max): 50.50%,1.00%,100.00%
