#type       avg     std     min      p5     p10     p50     p67     p75     p80     p85     p90     p95     p99    p999   p9999      QPS   target       ts_start         ts_end
read      241.0    92.2   101.3   158.4   171.4   230.4   256.5   271.3   283.3   297.6   318.0   347.7   435.2   881.5  3922.5   4943.5     5000  1778078425754  1778078428018
read      272.1    78.2    80.4   158.0   176.0   266.6   300.9   318.1   331.5   345.8   371.6   412.0   495.9   640.5   793.8  15035.4    15000  1778078429523  1778078431763
read      278.4    93.1    80.4   144.1   161.1   274.8   316.5   337.8   354.0   375.1   401.2   435.9   519.1   652.5   873.9  24976.5    25000  1778078433268  1778078435470
read      281.2   115.8    80.4   136.1   152.7   271.7   323.0   351.0   373.4   397.1   424.8   464.4   548.6   750.5  1933.8  35244.5    35000  1778078436975  1778078439177
read      288.6   119.8    74.4   132.4   149.6   273.1   333.3   369.5   394.8   421.9   453.8   498.9   593.9   743.9  1283.0  45153.5    45000  1778078440682  1778078442884
read      295.4   129.4    74.4   131.7   149.7   274.5   339.2   380.8   407.8   436.8   473.3   526.9   633.2   792.5  1103.8  54806.6    55000  1778078444390  1778078446593
read      312.7   138.3    80.4   138.2   157.5   290.2   358.0   399.9   428.4   461.1   500.0   555.4   678.3   869.3  2569.6  64630.5    65000  1778078448097  1778078450301
read      498.8   282.5    80.4   174.8   215.5   462.0   565.4   621.3   663.0   718.9   813.4  1006.7  1285.7  1610.5  7395.4  75238.4    75000  1778078451806  1778078454009
read      898.0   376.5   127.6   660.8   696.4   792.3   836.0   861.7   892.2  1190.5  1470.4  1576.5  1719.9  7162.1  7909.2  73148.0    85000  1778078455513  1778078457716
read      886.3   389.1   127.6   648.3   677.0   778.9   819.1   852.4   873.3  1275.5  1445.7  1552.4  1700.3  7139.5  9812.6  74285.0    95000  1778078459221  1778078461423
read      897.6   388.8   109.4   674.3   703.1   792.6   832.6   857.2   872.5   994.0  1474.3  1577.3  1720.5  7188.6  9304.5  73437.5   105000  1778078462927  1778078465130
read      878.1   381.3   127.6   653.6   686.0   774.5   805.0   837.6   862.2  1101.3  1441.6  1543.9  1667.8  7176.0  8089.0  74983.0   115000  1778078466634  1778078468835
read      861.6   360.4    93.8   642.0   663.2   758.9   796.0   824.1   859.6  1212.7  1416.2  1506.3  1615.3  7044.1  9205.4  76386.1   125000  1778078470339  1778078472550
Warning! Detected max cpu usage > 95%
CPU Usage Stats (avg/min/max): 50.50%,1.00%,100.00%
