#type       avg     std     min      p5     p10     p50     p67     p75     p80     p85     p90     p95     p99    p999   p9999      QPS   target       ts_start         ts_end
read      241.7    75.3   101.3   161.5   174.6   233.4   259.1   273.4   284.3   295.8   314.3   342.6   421.9  1112.4  2288.9   4932.0     5000  1778078154617  1778078156873
read      273.1   101.9    80.4   157.0   175.2   267.9   300.7   318.5   332.0   346.2   372.3   407.1   478.6   619.5  3173.8  14879.0    15000  1778078158376  1778078160622
read      282.9    94.9    80.4   147.3   164.9   279.0   321.0   344.2   363.4   384.5   407.7   440.8   509.3   650.2  1925.1  24810.5    25000  1778078162126  1778078164329
read      293.4   140.6    74.4   138.9   155.9   282.9   337.8   371.3   393.2   416.3   442.6   483.5   572.5   739.6  5036.4  34877.5    35000  1778078165833  1778078168033
read      292.9   147.6    74.4   132.3   149.6   277.0   339.9   377.8   401.5   427.4   458.7   503.9   605.8   765.5  2262.0  44696.5    45000  1778078169538  1778078171740
read      287.1   131.4    74.4   129.7   146.9   266.1   328.9   369.9   397.1   426.3   460.3   506.9   594.3   744.6  3319.7  54924.3    55000  1778078173245  1778078175446
read      301.2   132.4    74.4   132.7   151.3   277.7   344.5   388.4   416.6   447.5   485.6   539.7   650.0   824.5  1951.0  64903.1    65000  1778078176951  1778078179152
read      338.2   154.2    74.4   144.8   168.2   310.8   387.4   429.3   459.2   494.8   539.3   608.5   780.2  1171.8  2037.4  74896.0    75000  1778078180657  1778078182859
read      866.1   364.9   148.8   632.4   660.7   763.6   801.3   835.6   864.9  1217.2  1417.6  1513.6  1648.5  7067.7  7931.1  75708.0    85000  1778078184363  1778078186562
read      810.9   348.9   137.8   596.4   617.7   708.7   744.0   779.5   806.8  1205.5  1327.0  1413.6  1547.2  6999.2  8038.6  80841.3    95000  1778078188066  1778078190270
read      824.1   347.5   118.1   599.1   625.8   721.0   759.8   792.4   828.7  1217.4  1347.4  1442.2  1580.5  5669.8  7523.7  79558.5   105000  1778078191775  1778078193975
read      803.8   339.1   109.4   561.7   597.2   704.1   744.4   783.8   829.1  1183.5  1314.3  1412.9  1545.1  6326.5  7636.3  81703.0   115000  1778078195480  1778078197680
read      828.2   349.9   127.6   612.1   643.5   724.0   758.5   789.6   810.3  1230.8  1358.3  1447.2  1575.6  7017.0  7844.1  79367.1   125000  1778078199186  1778078201389
Warning! Detected max cpu usage > 95%
CPU Usage Stats (avg/min/max): 50.74%,1.49%,100.00%
