#type       avg     std     min      p5     p10     p50     p67     p75     p80     p85     p90     p95     p99    p999   p9999      QPS   target       ts_start         ts_end
read      235.7   103.2   109.4   155.5   168.3   226.9   250.9   265.5   275.2   289.6   307.3   335.9   420.9   716.8  7552.1   4869.0     5000  1778078873371  1778078875633
read      259.4    85.8    93.8   157.3   174.9   253.9   283.0   298.3   310.8   324.3   343.0   376.6   458.8   614.7  3559.3  15087.0    15000  1778078877138  1778078879379
read      260.4    87.4    86.8   145.8   163.3   257.8   290.4   307.9   319.5   335.1   355.3   391.7   469.0   573.5  2998.7  24876.0    25000  1778078880882  1778078883083
read      264.1    97.5    80.4   137.8   154.1   261.6   301.0   319.8   333.4   347.5   370.9   408.5   490.5   734.8  2484.9  34906.5    35000  1778078884588  1778078886790
read      265.1   123.0    80.4   132.4   148.0   258.1   306.1   327.8   342.5   361.8   387.1   426.2   505.4   748.2  3050.8  45149.0    45000  1778078888295  1778078890498
read      259.8   101.6    80.4   128.2   142.8   248.6   301.7   326.2   342.6   364.5   393.7   434.1   521.5   681.8  1158.1  55165.9    55000  1778078892002  1778078894206
read      259.9   104.7    80.4   128.4   142.6   244.5   300.2   327.1   344.9   368.6   400.1   444.9   539.4   680.4  1166.0  65104.0    65000  1778078895710  1778078897915
read      255.1   108.7    74.4   125.0   139.2   235.5   292.7   320.6   340.2   364.6   396.4   443.8   538.3   722.4  2319.8  74768.5    75000  1778078899420  1778078901620
read      255.5   118.5    74.4   123.9   138.3   235.3   291.0   319.1   339.3   365.3   400.0   449.9   547.5   724.1  3985.9  84887.1    85000  1778078903124  1778078905327
read      264.7   120.1    74.4   128.9   144.4   247.0   299.5   327.3   347.1   374.0   407.1   459.2   563.9   764.7  4188.2  94870.4    95000  1778078906832  1778078909033
read      320.7   158.2    80.4   139.3   158.9   288.4   355.0   396.5   427.4   465.6   519.6   619.6   861.2  1095.3  1363.8 104839.5   105000  1778078910537  1778078912738
read      412.0   234.5    80.4   150.4   175.7   372.1   459.0   506.2   544.4   605.4   739.7   886.3  1073.7  1307.0  4336.6 113223.9   115000  1778078914242  1778078916445
read      457.9   228.2    80.4   175.5   214.8   421.0   495.6   546.8   600.6   689.1   787.9   894.8  1058.0  1300.4  6676.3 118771.9   125000  1778078917949  1778078920151
Warning! Detected max cpu usage > 95%
CPU Usage Stats (avg/min/max): 50.25%,0.50%,100.00%
