#type       avg     std     min      p5     p10     p50     p67     p75     p80     p85     p90     p95     p99    p999   p9999      QPS   target       ts_start         ts_end
read      253.7   153.0   109.4   162.2   175.8   240.3   268.0   284.0   295.4   310.2   329.1   367.2   466.1  1685.2  7844.4   4889.0     5000  1778077987455  1778077989729
read      280.2    82.8    86.8   164.8   184.2   276.2   308.1   325.4   338.3   353.7   374.5   415.1   498.9   730.3  2041.4  14858.5    15000  1778077991234  1778077993480
read      283.4    95.8    80.4   147.6   166.0   279.2   321.0   343.1   360.5   381.2   408.6   445.8   512.4   645.8  1615.3  25067.0    25000  1778077994985  1778077997189
read      279.3   108.7    80.4   135.7   152.3   269.8   320.3   346.5   367.5   392.3   421.7   463.1   549.5   755.7  2037.5  34957.5    35000  1778077998694  1778078000898
read      290.9   121.5    80.4   132.9   149.6   275.1   334.7   370.3   397.4   425.7   459.1   506.4   601.9   733.0  1818.1  44852.2    45000  1778078002404  1778078004607
read      295.5   137.6    74.4   131.9   149.6   275.1   338.6   378.1   406.1   435.8   471.4   524.2   626.3   800.3  3364.6  54639.4    55000  1778078006111  1778078008314
read      313.4   153.8    74.4   133.9   154.2   292.7   357.6   398.2   426.1   458.7   498.8   555.4   685.1  1182.1  2845.2  64981.3    65000  1778078009820  1778078012022
read      325.3   156.7    80.4   139.7   162.2   300.5   370.1   413.0   443.0   476.9   519.8   583.9   712.9   885.2  4264.3  74939.5    75000  1778078013527  1778078015726
read      876.2   373.5   137.8   644.4   669.4   772.4   808.5   845.1   868.2  1221.2  1430.0  1535.6  1684.4  7085.1  8791.7  74899.0    85000  1778078017231  1778078019433
read      832.0   362.3   109.4   597.2   623.7   721.5   762.2   797.3   860.3  1263.5  1355.5  1443.2  1576.6  7076.8  8076.2  78880.5    95000  1778078020938  1778078023139
read      812.1   350.5   148.8   573.9   606.2   708.5   746.0   787.3   844.1  1211.5  1325.1  1413.6  1543.4  7039.0  7900.0  80870.0   105000  1778078024644  1778078026849
read      865.6   371.2   173.5   628.0   656.3   756.1   796.8   830.6   867.1  1291.8  1415.3  1496.5  1628.0  7060.6  8655.8  76032.5   115000  1778078028353  1778078030555
read      830.8   360.1   118.1   598.4   623.5   726.0   771.9   801.8   852.1  1224.5  1349.0  1450.4  1597.7  7074.5  7876.7  79179.5   125000  1778078032060  1778078034264
Warning! Detected max cpu usage > 95%
CPU Usage Stats (avg/min/max): 50.25%,0.51%,100.00%
