#type       avg     std     min      p5     p10     p50     p67     p75     p80     p85     p90     p95     p99    p999   p9999      QPS   target       ts_start         ts_end
read      238.5    74.5    93.8   158.7   172.1   231.4   254.7   268.9   279.0   292.4   309.9   337.6   416.2   877.3  3771.6   4973.0     5000  1778078206967  1778078209233
read      268.7    86.1    86.8   156.7   175.0   263.4   295.2   312.8   325.3   341.6   366.4   403.3   476.3   621.3  3074.2  14899.5    15000  1778078210737  1778078212989
read      280.6    94.1    80.4   144.4   162.3   277.4   319.1   341.7   360.1   381.7   405.4   440.4   507.5   605.2   788.6  25069.5    25000  1778078214493  1778078216701
read      282.9   122.1    74.4   134.8   151.4   273.6   325.0   354.2   376.2   398.6   425.8   465.1   547.8   935.6  2748.0  35112.0    35000  1778078218206  1778078220417
read      287.2   118.2    74.4   130.3   146.9   272.8   332.2   368.3   393.5   420.5   452.1   498.3   590.6   728.3   865.8  45246.5    45000  1778078221921  1778078224130
read      295.1   130.6    74.4   131.9   149.5   275.2   337.9   379.1   406.1   435.3   470.9   524.2   629.9   792.1  2848.0  54794.5    55000  1778078225635  1778078227849
read      300.3   136.5    74.4   133.0   151.2   277.5   343.8   385.4   412.6   443.9   481.9   537.7   648.3   798.8  2199.5  65039.0    65000  1778078229354  1778078231563
read      887.7   369.0    93.8   606.9   678.9   803.8   848.2   869.6   905.7   994.6  1459.2  1586.3  1729.9  7027.8  7678.2  71757.5    75000  1778078233068  1778078235278
read      859.9   372.1   148.8   627.6   657.1   756.8   797.3   829.7   862.8  1217.6  1408.9  1498.7  1630.2  7055.6  9442.5  76160.9    85000  1778078236782  1778078238991
read      831.8   352.9   127.6   613.5   644.2   727.2   765.3   794.3   825.8  1232.0  1362.9  1451.9  1583.0  7048.9  8532.1  78964.4    95000  1778078240495  1778078242705
read      857.5   352.2   137.8   637.1   659.5   754.1   792.7   815.9   854.1  1219.6  1411.0  1500.3  1612.4  6993.4  7804.4  76641.5   105000  1778078244209  1778078246418
read      788.9   361.7   127.6   559.9   593.8   687.4   732.2   764.7   805.5  1144.7  1280.6  1373.2  1525.6  6886.5  9026.3  83151.0   115000  1778078247922  1778078250130
read      817.3   354.1    93.8   598.3   621.4   714.3   747.8   785.2   812.5  1209.9  1336.5  1429.2  1561.8  6991.0  9205.9  80451.5   125000  1778078251636  1778078253845
Warning! Detected max cpu usage > 95%
CPU Usage Stats (avg/min/max): 50.00%,0.00%,100.00%
