#type       avg     std     min      p5     p10     p50     p67     p75     p80     p85     p90     p95     p99    p999   p9999      QPS   target       ts_start         ts_end
read      236.4    79.9   101.3   157.9   170.4   227.4   251.9   265.9   275.0   288.8   306.5   337.9   417.7   593.8  2198.4   5041.0     5000  1778079321591  1778079323851
read      246.0    66.2    86.8   154.5   171.1   241.6   267.3   280.9   290.9   302.9   319.0   349.5   436.2   568.1  1936.3  14994.5    15000  1778079325356  1778079327598
read      255.0    96.3    86.8   144.5   161.4   253.0   283.2   298.0   310.0   322.4   340.9   371.3   459.6   743.9  3562.5  24860.0    25000  1778079329102  1778079331302
read      260.7   125.1    80.4   140.5   156.8   257.5   294.0   312.0   324.0   338.4   358.0   393.5   484.4   788.4  6464.2  34853.5    35000  1778079332809  1778079335011
read      257.5    99.1    80.4   134.2   149.5   253.0   294.9   314.1   327.3   342.1   364.8   403.2   508.0   744.9  2119.3  44936.5    45000  1778079336515  1778079338719
read      259.0   100.5    80.4   130.9   145.8   250.4   298.1   319.5   335.1   352.9   377.9   423.0   536.2   793.5  1577.5  54861.3    55000  1778079340225  1778079342428
read      254.2    98.9    74.4   127.9   141.8   240.4   294.3   318.4   335.2   354.8   381.6   424.5   530.9   729.7  1051.4  65042.8    65000  1778079343933  1778079346135
read      247.1    97.2    74.4   125.6   139.2   231.6   285.3   310.8   327.4   345.5   371.0   411.9   508.0   733.9  1366.7  74741.5    75000  1778079347640  1778079349846
read      246.3   107.8    80.4   126.4   139.6   227.3   279.5   306.6   324.4   344.4   372.0   419.0   532.1   833.2  3196.2  85261.9    85000  1778079351351  1778079353552
read      263.6   113.2    74.4   131.6   146.5   242.5   296.6   324.9   344.2   368.7   400.4   454.5   629.8   955.8  1886.6  94847.9    95000  1778079355056  1778079357259
read      248.2    96.9    74.4   128.7   142.8   229.9   279.4   306.3   324.6   345.3   373.9   421.7   533.2   740.0  1387.6 104820.0   105000  1778079358765  1778079360968
read      263.4   146.4    80.4   132.7   148.0   241.5   292.7   319.9   339.9   364.2   395.8   447.5   583.7  1328.5  4383.4 114840.3   115000  1778079362472  1778079364674
read      268.1   128.5    80.4   136.2   152.6   250.8   298.6   324.4   342.9   367.0   398.7   451.4   585.0   933.6  4166.0 124854.7   125000  1778079366178  1778079368381
Warning! Detected max cpu usage > 95%
CPU Usage Stats (avg/min/max): 50.25%,0.50%,100.00%
