#type       avg     std     min      p5     p10     p50     p67     p75     p80     p85     p90     p95     p99    p999   p9999      QPS   target       ts_start         ts_end
read      243.0    88.7    93.8   158.9   172.5   234.4   260.2   273.5   284.4   296.1   314.7   344.0   422.9  1313.0  3920.9   4997.5     5000  1778079207089  1778079209347
read      254.1   111.6    80.4   155.1   172.4   248.8   276.2   291.8   302.9   315.7   333.5   363.3   434.2   681.4  4569.1  15117.0    15000  1778079210850  1778079213090
read      265.8    86.7    86.8   151.3   168.5   263.2   296.9   314.3   326.4   340.6   361.4   397.0   468.6   590.7  2996.7  24916.5    25000  1778079214594  1778079216795
read      258.8    93.3    80.4   136.6   151.8   255.7   295.5   315.2   328.9   343.9   366.8   401.5   472.8   652.9  2566.2  34948.5    35000  1778079218299  1778079220502
read      260.6    95.2    80.4   131.5   146.6   252.9   301.4   324.4   340.3   360.6   387.8   426.7   499.1   621.3   981.2  44999.5    45000  1778079222006  1778079224210
read      258.9   104.7    74.4   128.0   141.7   243.8   297.1   323.9   342.5   368.3   401.8   448.0   533.7   653.9  1840.0  54858.5    55000  1778079225715  1778079227920
read      264.3   121.3    74.4   124.6   138.7   244.0   302.5   331.4   353.2   383.6   422.0   477.7   589.6   753.2  3771.6  64974.0    65000  1778079229424  1778079231623
read      264.9   122.9    80.4   122.5   135.9   239.5   299.2   330.6   356.5   392.6   437.4   502.7   629.9   813.9  1300.2  74307.0    75000  1778079233126  1778079235328
read      281.8   159.8    74.4   125.8   140.1   245.3   306.8   342.2   375.0   421.3   482.4   576.9   759.2  1023.7  3360.7  85058.0    85000  1778079236832  1778079239033
read      292.2   183.0    80.4   128.2   142.4   240.7   303.5   343.8   384.3   441.8   520.5   641.9   883.4  1411.8  4268.7  95157.5    95000  1778079240537  1778079242739
read      342.9   309.1    80.4   135.6   151.9   258.6   319.3   363.4   405.0   473.6   601.8   874.3  1705.7  2901.5  7482.8 105045.4   105000  1778079244243  1778079246444
read      433.3   612.8    80.4   147.6   167.3   282.6   347.6   391.1   426.4   477.0   586.5  1219.9  3364.5  7156.5  8095.1 115089.9   115000  1778079247949  1778079250153
read      555.7   824.9    80.4   185.5   211.5   343.6   417.7   464.6   500.5   545.3   620.1  3130.4  3752.6  7756.9  9554.2 116205.9   125000  1778079251657  1778079253865
Warning! Detected max cpu usage > 95%
CPU Usage Stats (avg/min/max): 50.50%,1.00%,100.00%
