#type       avg     std     min      p5     p10     p50     p67     p75     p80     p85     p90     p95     p99    p999   p9999      QPS   target       ts_start         ts_end
read      245.4    87.6    86.8   160.4   173.7   235.8   262.4   277.0   289.0   302.9   321.0   356.7   434.7  1105.5  3494.0   4942.0     5000  1778078987168  1778078989425
read      274.1    88.2    86.8   153.2   171.8   270.8   304.8   322.2   336.3   352.6   376.2   414.7   486.3   626.3  2573.2  14820.5    15000  1778078990930  1778078993176
read      286.7   110.5    80.4   142.5   161.5   282.0   326.2   348.6   368.5   391.8   419.2   456.4   534.1   680.2  3971.3  24986.5    25000  1778078994680  1778078996885
read      287.0   116.2    80.4   133.5   150.8   275.6   330.2   362.7   387.7   413.1   440.3   480.9   564.8   689.0  2032.9  35259.5    35000  1778078998389  1778079000592
read      300.9   129.1    80.4   128.4   145.3   285.8   352.2   393.3   418.5   445.6   478.7   527.3   623.3   795.7  1497.2  44985.0    45000  1778079002097  1778079004299
read      302.1   141.3    74.4   124.3   140.4   279.5   357.3   402.3   430.3   460.3   496.3   546.1   651.3   806.2  2699.6  55222.0    55000  1778079005804  1778079008007
read      313.8   182.4    74.4   125.3   141.7   275.7   369.5   419.4   451.5   487.1   529.5   590.3   757.3  1139.1  4247.9  65225.5    65000  1778079009511  1778079011714
read      895.1  1638.4    80.4   161.1   182.0   296.8   362.6   408.0   457.4   929.8  2949.0  5545.5  7318.9  9024.2 10229.3  71384.1    75000  1778079013219  1778079015422
read      856.8  1794.1    74.4   151.5   171.8   276.2   313.9   338.1   359.5   394.0  2624.9  6197.8  7173.4  9334.4 12850.5  79222.5    85000  1778079016927  1778079019132
read      907.7  1860.5    80.4   159.1   177.6   297.0   342.0   368.7   391.2   425.2  3372.4  6244.1  7068.1  9442.4 12793.3  75326.5    95000  1778079020636  1778079022838
read      889.4  1845.3    74.4   156.9   178.0   282.9   328.9   358.4   383.6   423.8  3127.6  6241.6  7434.7  9403.0 11871.0  76927.7   105000  1778079024342  1778079026547
read      888.8  1833.3    80.4   157.1   178.4   284.7   327.7   355.9   379.9   419.6  3156.3  6237.0  7199.3  9276.6 10682.0  76922.5   115000  1778079028051  1778079030254
read      864.8  1810.3    80.4   153.6   176.5   278.7   313.4   336.1   355.6   387.6  2705.5  6210.6  7362.3  9375.1 11056.8  79314.8   125000  1778079031758  1778079033964
Warning! Detected max cpu usage > 95%
CPU Usage Stats (avg/min/max): 50.50%,1.01%,100.00%
