Random waveform, supplied seed
Total number of intervals = 80 (6927, 52892, 98921, 61129, 40613, 53226, 38560, 103465, 104758, 94759, 37799, 8296, 69443, 12517, 43591, 20430, 93758, 10485, 16518, 83230, 5484, 55611, 20774, 96726, 32442, 73039, 74055, 51197, 59442, 35654, 78747, 42212, 52488, 36950, 16762, 79473, 61431, 87172, 108181, 80515, 37149, 13444, 72057, 70041, 90162, 52082, 24258, 72013, 58012, 45398, 50177, 34504, 66010, 73937, 55020, 53235, 97743, 5419, 14764, 7451, 48208, 16149, 78989, 18886, 75954, 44409, 16431, 85707, 58253, 103867, 21604, 90401, 84467, 99700, 32052, 18173, 67789, 51929, 83850, 18614)
Average QPS expected = 53849
Timestamp start: 1778441801238
Timestamp end: 1778443001530

#type       avg     std     min      p5     p10     p50     p67     p75     p80     p85     p90     p95     p99    p999   p9999      QPS   target
read      214.1    83.1    93.8   143.6   154.5   206.5   229.9   242.8   252.0   263.7   277.5   300.8   356.2   632.2  3968.7   6909.5     6927
read      294.9   256.6    74.4   125.6   140.1   264.4   324.1   356.3   378.7   404.7   440.4   503.1   900.4  3818.6  7831.1  52823.7    52892
read      441.9   751.8    74.4   133.9   151.4   264.2   331.7   386.4   436.4   513.8   681.8  1355.3  3503.5  9319.8 14210.6  98896.3    98921
read      300.4   307.8    74.4   123.1   137.5   258.5   322.1   357.4   382.4   411.7   450.2   518.6  1215.3  4400.3  9048.5  61053.5    61129
read      279.9   165.0    80.4   127.0   141.2   266.1   317.8   344.3   363.5   385.7   414.4   463.5   682.0  2198.3  4440.5  40527.2    40613
read      297.6   295.6    74.4   124.0   138.6   264.1   325.2   358.0   381.2   408.0   444.5   507.9   983.4  3929.6  9856.2  53188.9    53226
read      284.0   232.0    74.4   126.0   140.8   264.9   315.6   341.7   360.8   382.9   411.3   462.3   745.6  3205.3  8105.5  38563.0    38560
read      446.5   767.3    74.4   136.9   154.6   264.8   330.9   388.1   444.0   530.1   718.1  1378.4  3449.9  9123.0 17722.0 103435.7   103465
read      440.1   734.2    74.4   136.3   154.2   265.8   333.9   393.8   452.0   539.6   716.0  1313.9  3410.8  9004.8 16004.5 104688.5   104758
read      408.3   673.2    74.4   131.1   147.9   262.9   331.3   382.2   425.2   483.0   585.6  1024.2  3391.0  8308.0 13118.2  94659.0    94759
read      279.5   171.3    74.4   125.4   140.3   264.4   314.6   340.7   359.7   381.5   410.4   461.9   724.9  2197.8  5343.3  37792.2    37799
read      239.9   155.7    86.8   145.4   157.2   222.8   251.2   267.5   279.3   294.4   316.0   356.0   599.6  1959.2  7268.7   8291.9     8296
read      376.0   603.6    74.4   124.6   140.4   265.4   334.1   376.6   409.1   450.7   514.0   770.2  2950.6  7902.6 12611.2  69308.1    69443
read      245.0   208.5    80.4   139.1   152.5   227.5   258.3   274.5   287.2   301.6   321.0   360.6   609.7  2513.0  8086.4  12559.3    12517
read      324.6   377.0    74.4   129.0   145.2   275.9   334.2   366.1   389.4   417.9   458.8   545.8  1611.4  5576.1  9392.7  43630.5    43591
read      262.0   152.5    80.4   135.1   151.2   250.9   287.4   307.1   320.6   338.7   362.7   402.3   588.1  1900.5  5525.9  20393.7    20430
read      357.8   651.6    74.4   131.6   147.8   253.4   309.3   341.2   365.7   396.7   446.1   629.8  3030.4  8386.1 16002.6  93759.9    93758
read      246.2   140.7    86.8   144.1   157.5   230.5   261.1   277.4   290.2   305.9   327.7   370.2   622.8  1636.4  5560.4  10540.3    10485
read      279.6   186.3    86.8   143.5   160.9   258.9   296.2   317.6   334.4   354.9   384.1   436.8   830.9  2435.7  7242.3  16563.3    16518
read      442.5   850.6    74.4   132.9   151.0   274.3   344.5   393.5   433.1   488.4   590.8  1159.7  3964.4 11815.9 18962.1  83165.2    83230
read      238.9   168.2    93.8   147.9   158.9   220.2   247.6   263.4   274.4   289.7   310.1   348.8   636.3  1975.6  7520.6   5501.7     5484
read      350.7   485.2    80.4   129.1   145.5   276.4   341.6   379.0   406.3   440.6   491.8   624.8  2203.3  7407.4 12567.8  55457.2    55611
read      286.1   247.6    80.4   140.6   158.0   263.6   302.2   323.3   339.7   359.9   387.5   436.3   865.4  4003.8  7787.2  20843.0    20774
read      345.0   561.0    74.4   132.5   149.1   256.5   313.8   345.5   369.8   400.2   449.7   610.3  2721.9  7743.7 15923.4  96822.0    96726
read      329.1   385.0    80.4   134.9   152.5   280.6   331.3   360.1   381.4   407.6   447.6   541.5  1651.8  6266.1  9133.6  32457.4    32442
read      393.2   704.0    74.4   128.3   144.4   270.0   339.3   383.5   417.7   461.3   530.6   785.5  3290.6  9231.9 16532.7  73030.5    73039
read      386.8   644.8    74.4   128.8   145.1   268.0   337.6   382.5   417.1   461.5   532.3   796.4  3116.6  8585.4 14651.8  74141.8    74055
read      322.2   334.3    74.4   127.3   142.8   273.1   337.1   372.6   398.8   430.7   476.5   580.9  1425.0  4665.7  8610.0  51261.9    51197
read      367.0   574.2    74.4   126.8   142.3   273.4   342.2   382.5   412.2   449.8   506.1   688.3  2659.5  8148.7 13780.2  59320.4    59442
read      340.7   467.3    80.4   132.9   150.0   281.3   335.7   365.6   387.8   415.1   455.8   554.0  2003.4  7574.6 12930.2  35657.7    35654
read      396.8   685.2    74.4   127.1   143.0   264.0   333.3   378.8   415.0   461.4   538.1   874.2  3416.9  8832.1 15062.3  78759.1    78747
read      306.2   358.5    74.4   125.9   141.2   267.7   321.4   350.0   370.9   396.5   430.7   498.6  1297.8  5172.6 10963.2  42187.0    42212
read      348.8   559.5    80.4   126.7   142.6   273.7   336.0   371.3   397.7   430.4   477.9   593.4  2306.7  7852.3 15983.8  52429.6    52488
read      295.2   280.2    74.4   128.1   143.5   267.5   316.3   342.3   361.8   385.2   417.5   478.4  1046.5  3924.8  8944.5  36976.3    36950
read      246.3   104.6    80.4   136.9   151.8   237.9   269.4   286.8   298.8   314.6   335.9   371.9   523.0  1372.9  2876.9  16757.8    16762
read      417.6   818.8    74.4   127.2   143.3   267.2   336.9   383.7   421.7   471.3   562.1   963.0  3674.7 10374.9 22049.7  79395.3    79473
read      314.2   355.6    74.4   121.5   135.8   260.7   324.5   361.2   388.0   420.4   464.9   566.3  1522.4  5006.7  9449.6  61455.9    61431
read      417.3   785.8    74.4   129.5   145.8   264.3   331.6   379.4   419.1   471.2   564.5   958.9  3771.8 10182.6 16548.1  87129.7    87172
read      309.2   386.0    74.4   130.6   145.9   246.6   302.1   332.8   355.0   382.1   422.3   533.7  1717.7  4677.9 10888.0 108367.7   108181
read      332.8   541.1    74.4   124.3   139.0   249.6   311.4   346.6   373.9   409.3   462.6   584.4  2339.4  7847.0 13936.2  80547.7    80515
read      294.9   276.2    74.4   127.0   141.8   267.6   317.7   344.2   363.8   387.1   418.9   480.0  1072.6  3794.8  9389.7  37150.3    37149
read      255.8   161.8    80.4   143.5   158.5   241.1   272.6   290.7   303.9   319.2   342.4   386.9   626.6  1794.1  7635.4  13469.7    13444
read      391.7   665.3    74.4   127.0   142.6   266.2   336.5   381.8   416.8   460.7   531.9   839.9  3302.8  8614.6 13970.8  72018.8    72057
read      407.3   748.4    80.4   128.7   144.9   273.2   344.5   390.8   426.3   471.0   547.5   882.6  3419.2  9571.9 19920.6  69991.6    70041
read      445.1   804.4    74.4   132.3   149.8   271.7   343.3   397.3   443.8   508.5   634.2  1239.6  4063.9  9491.3 16234.9  90108.3    90162
read      320.8   336.3    74.4   125.9   140.9   271.0   335.1   370.4   396.0   426.8   468.1   561.6  1551.3  4775.6  8138.8  52053.5    52082
read      275.3   141.1    80.4   136.0   151.9   265.3   305.5   326.6   341.9   361.0   385.8   429.8   654.9  1652.9  3555.0  24260.3    24258
read      406.1   741.4    74.4   128.1   143.7   267.2   337.8   384.0   420.3   465.7   540.1   857.8  3735.2  9460.3 15631.4  72036.4    72013
read      369.5   628.9    80.4   125.4   140.7   267.7   334.9   374.2   403.6   441.2   498.2   700.3  2710.3  8684.5 16241.5  57970.6    58012
read      308.9   360.3    80.4   127.6   142.5   271.8   330.5   362.0   384.2   410.2   446.0   512.3  1110.6  5160.0 14360.5  45400.8    45398
read      340.1   506.0    74.4   126.9   142.2   272.5   335.8   370.8   396.2   427.3   469.8   575.9  1970.9  7739.8 15608.0  50108.9    50177
read      298.9   262.1    80.4   130.8   146.7   273.7   323.3   349.8   369.1   392.6   424.2   485.1   941.7  4032.9  7665.3  34434.3    34504
read      388.5   667.2    74.4   127.3   143.1   270.8   341.2   385.3   419.2   462.4   533.1   821.0  3065.8  8692.3 16117.4  65993.2    66010
read      454.3   898.1    80.4   132.0   149.8   280.7   353.3   402.2   442.6   497.7   599.5  1139.4  4424.5 11652.2 18699.8  74037.1    73937
read      352.0   501.3    80.4   126.9   142.2   273.9   340.9   379.9   408.4   444.5   496.8   635.5  2204.6  7720.3 12174.5  54962.9    55020
read      299.6   224.9    74.4   124.4   139.4   268.0   331.8   366.9   391.9   421.3   460.0   531.5   996.0  2562.2  7948.4  53280.9    53235
read      300.4   339.7    74.4   127.3   141.6   241.6   301.0   333.9   358.2   388.7   434.3   559.4  1470.5  4506.6  9583.1  97752.3    97743
read      219.9   108.4    93.8   145.4   155.3   208.0   232.8   247.0   257.0   269.6   286.8   315.6   431.1  1250.0  3944.3   5406.8     5419
read      251.5   107.3    86.8   141.2   156.4   243.3   275.1   292.7   305.8   320.2   342.2   379.3   529.1  1262.1  3099.6  14726.0    14764
read      230.6    93.5    93.8   146.8   158.1   220.6   247.3   262.4   272.8   287.1   305.7   338.0   466.0  1103.4  3177.4   7485.9     7451
read      300.3   203.1    74.4   126.5   141.8   272.7   333.8   367.0   390.9   419.1   457.2   530.3   949.8  2400.9  5869.3  48029.8    48208
read      267.7   137.4    80.4   142.6   159.2   254.6   289.5   309.1   322.8   341.3   366.9   414.7   667.8  1657.7  3942.7  16188.1    16149
read      353.5   456.7    74.4   126.9   142.3   266.3   338.4   385.5   421.7   466.1   535.4   730.4  2219.0  6420.4 10867.2  79032.9    78989
read      268.0   138.9    80.4   140.4   156.9   259.1   295.3   315.0   329.6   346.1   370.2   411.2   574.0  1452.4  4335.9  18880.3    18886
read      357.0   454.3    74.4   128.2   144.1   271.0   342.4   388.6   424.1   467.9   535.7   720.2  2263.5  6493.2  9893.5  75979.3    75954
read      293.3   185.3    74.4   127.0   142.1   271.2   327.9   358.6   380.4   405.9   441.6   507.2   839.1  2260.8  5467.4  44385.3    44409
read      258.1   115.1    80.4   140.8   157.1   248.2   281.1   299.2   313.1   329.9   353.0   396.7   570.9  1373.8  3209.7  16438.6    16431
read      318.7   374.5    74.4   126.5   141.4   252.6   314.7   349.7   377.0   414.9   476.8   626.5  1653.7  5126.3  9093.7  85776.5    85707
read      310.4   251.1    74.4   124.9   139.9   267.7   332.5   369.4   396.5   429.0   472.5   572.5  1322.7  3050.1  7220.9  58225.0    58253
read      299.7   364.2    74.4   129.9   145.0   244.6   301.0   332.2   354.8   382.6   423.5   530.5  1483.3  4278.6  8066.8 103864.1   103867
read      271.1   390.9    80.4   138.1   154.4   261.3   298.8   319.0   334.6   352.4   376.4   420.0   595.9  1553.7  4850.2  21602.2    21604
read      380.8   495.1    74.4   132.4   149.4   272.8   347.5   402.4   447.7   505.6   601.1   866.9  2453.6  6698.2 11062.2  90458.3    90401
read      308.7   383.2    74.4   126.3   140.9   248.7   310.0   343.0   368.2   399.5   448.1   562.4  1572.9  5583.5 10941.2  84531.3    84467
read      256.5   168.8    74.4   125.7   139.7   229.9   285.9   315.8   336.5   360.1   389.7   436.0   630.1  1670.8  6332.3  99794.1    99700
read      254.8    88.6    74.4   136.3   151.2   256.8   291.3   308.7   319.9   335.0   352.8   381.4   444.1   597.5  1990.1  32064.1    32052
read      243.9    82.2    80.4   140.3   155.6   243.3   272.0   287.4   297.4   311.1   327.1   352.2   410.5   585.3  3053.4  18141.9    18173
read      250.7   107.0    74.4   123.5   137.2   236.9   294.1   319.5   336.8   356.1   379.6   416.1   498.5   729.8  2932.6  67799.3    67789
read      251.2    99.8    74.4   125.1   138.9   247.7   295.9   317.1   331.9   347.7   369.2   400.3   467.1   617.6  2480.6  51974.5    51929
read      246.8   106.0    74.4   123.3   136.7   226.9   285.8   314.6   333.6   354.6   380.1   419.1   505.9   799.0  2427.4  83891.5    83850
read      245.4    81.2    80.4   141.6   156.9   245.2   273.8   289.1   299.3   312.5   328.8   354.2   408.6   583.1  2386.9  18588.2    18614

Total QPS = 53844.3 (64613144 / 1200.0s)

Total connections = 64
Misses = 0 (0.0%)
Skipped TXs = 0 (0.0%)

RX 15959446815 bytes :   12.7 MB/s
TX          0 bytes :    0.0 MB/s
Warning! Detected max cpu usage > 95%
CPU Usage Stats (avg/min/max): 99.84%,1.50%,100.00%
