Random waveform, supplied seed
Total number of intervals = 240 (6927, 52892, 98921, 61129, 40613, 53226, 38560, 103465, 104758, 94759, 37799, 8296, 69443, 12517, 43591, 20430, 93758, 10485, 16518, 83230, 5484, 55611, 20774, 96726, 32442, 73039, 74055, 51197, 59442, 35654, 78747, 42212, 52488, 36950, 16762, 79473, 61431, 87172, 108181, 80515, 37149, 13444, 72057, 70041, 90162, 52082, 24258, 72013, 58012, 45398, 50177, 34504, 66010, 73937, 55020, 53235, 97743, 5419, 14764, 7451, 48208, 16149, 78989, 18886, 75954, 44409, 16431, 85707, 58253, 103867, 21604, 90401, 84467, 99700, 32052, 18173, 67789, 51929, 83850, 18614, 29315, 108090, 27024, 49907, 9150, 34328, 51881, 14569, 81517, 78694, 93409, 39093, 18729, 70818, 21942, 91810, 39588, 40957, 62645, 15539, 107672, 32954, 58866, 23739, 54701, 60706, 72350, 58661, 34912, 103268, 38703, 83358, 57408, 86837, 33517, 66204, 73758, 99742, 109462, 94453, 44096, 100467, 8576, 59359, 7614, 60329, 43762, 67038, 26095, 71173, 109276, 13150, 61250, 84472, 82226, 27671, 98736, 106314, 105027, 96867, 89493, 50538, 22083, 48618, 94298, 63579, 64573, 77178, 29824, 64495, 20917, 85651, 61935, 50216, 72251, 71798, 19701, 24952, 81838, 26648, 24837, 29420, 103882, 70314, 61679, 49557, 19325, 9128, 94933, 24327, 71896, 93771, 20452, 42338, 72627, 80603, 49049, 92305, 56889, 78036, 71583, 72609, 107382, 86530, 16550, 84534, 72631, 49291, 62175, 80213, 16566, 53985, 101949, 24076, 52574, 106271, 105451, 86087, 29108, 101115, 74326, 75832, 94901, 15809, 28874, 51882, 32653, 41676, 63019, 99164, 47055, 62394, 98519, 32122, 49464, 24034, 77363, 91698, 38997, 86028, 83012, 15024, 56640, 97362, 107412, 65030, 79278, 47544, 105368, 58181, 56960, 14849, 63672, 48289, 11797, 10781, 49362, 102119, 46213, 97025)
Average QPS expected = 58167
Timestamp start: 1778445687739
Timestamp end: 1778446888093

#type       avg     std     min      p5     p10     p50     p67     p75     p80     p85     p90     p95     p99    p999   p9999      QPS   target
read      211.1    62.0    86.8   141.0   151.6   204.7   227.5   239.7   249.3   260.8   274.9   299.8   364.7   617.9  1821.6   6921.2     6927
read      251.7   105.5    74.4   126.0   139.7   247.4   294.0   315.4   330.3   346.5   369.0   401.6   475.7   653.1  3430.3  52803.4    52892
read      245.5   101.5    74.4   124.9   138.7   226.7   280.1   308.7   327.7   348.2   373.6   413.3   507.9   788.1  2195.8  98880.6    98921
read      293.1   251.8    74.4   128.2   142.8   260.5   317.2   347.2   370.7   399.0   437.9   512.2   975.1  3370.8  8610.6  60967.8    61129
read      285.8   159.9    80.4   131.6   146.7   270.4   322.4   349.7   369.4   392.7   423.4   473.8   690.9  2233.6  4359.6  40694.2    40613
read      296.8   271.8    80.4   129.0   142.8   264.5   323.7   356.1   378.7   405.3   441.9   504.9   916.6  3896.8  9623.9  53132.2    53226
read      278.7   198.6    80.4   129.7   143.2   263.6   312.6   337.4   355.0   374.6   401.6   446.2   661.5  2990.5  6966.5  38668.2    38560
read      434.7   737.6    80.4   140.0   157.8   266.0   330.7   386.2   437.5   512.0   669.7  1255.3  3465.3  9228.9 15942.7 103196.4   103465
read      414.0   676.7    80.4   138.4   155.3   260.7   324.8   380.3   430.5   499.4   631.7  1111.0  3285.9  8261.5 14377.1 104685.6   104758
read      386.8   622.0    80.4   133.4   149.2   254.1   319.0   368.1   408.4   461.6   549.1   924.7  3156.2  8016.2 12795.4  94821.8    94759
read      274.6   154.4    80.4   130.1   143.7   264.9   313.1   337.5   354.9   374.3   400.3   442.2   603.4  1614.2  5770.9  37639.4    37799
read      228.9   192.8    80.4   142.3   153.0   212.1   238.6   253.4   264.7   276.9   293.8   321.7   517.1  2479.2  7782.9   8273.4     8296
read      329.9   749.7    80.4   126.7   141.5   261.7   326.6   365.2   393.4   427.4   472.3   583.1  1753.0  6948.7 12935.8  69457.2    69443
read      253.4   826.9    86.8   143.9   158.4   239.1   270.7   288.3   300.8   316.3   338.3   374.6   514.4  1481.5  3899.3  12569.4    12517
read      292.1   233.6    80.4   126.4   141.4   267.8   322.6   351.4   371.9   396.9   429.4   486.3   850.5  3328.1  7657.2  43578.4    43591
read      264.1   109.7    80.4   138.3   153.9   258.0   295.0   315.1   329.9   346.6   370.0   406.0   511.2  1245.3  3549.0  20331.2    20430
read      478.0   801.3    74.4   140.3   160.0   281.4   352.8   411.4   467.4   555.9   755.2  1471.0  4015.9  9104.8 15827.0  93834.8    93758
read      248.8   884.8    93.8   146.4   160.2   236.2   266.2   282.6   294.5   310.0   330.2   365.1   492.0  1216.7  2026.7  10536.6    10485
read      261.4   119.3    86.8   142.6   158.2   254.2   287.9   306.4   319.1   336.2   358.4   395.0   530.7  1320.0  3700.6  16496.8    16518
read      376.6   639.8    80.4   127.0   142.2   259.0   324.8   368.5   402.2   446.5   512.8   758.9  3079.7  8630.9 13422.2  83019.8    83230
read      214.3    93.2   101.3   143.0   152.6   202.9   225.9   238.3   248.7   260.8   275.8   304.2   426.1  1344.0  2620.2   5469.8     5484
read      287.4   224.1    80.4   125.2   139.3   258.7   318.3   350.6   373.1   399.9   434.3   493.9   833.7  3237.1  7462.9  55415.4    55611
read      259.3   111.4    80.4   135.9   151.3   254.0   289.9   309.4   322.9   340.4   363.2   398.7   507.6  1197.7  3147.4  20832.4    20774
read      446.8   718.3    74.4   134.7   152.7   269.2   338.7   393.3   440.6   514.0   697.4  1476.2  3449.7  8024.3 16582.9  96548.6    96726
read      276.8   196.0    80.4   129.0   144.2   262.5   307.1   330.6   346.8   367.8   394.3   436.5   655.8  2983.3  7123.8  32254.6    32442
read      335.2   438.1    80.4   123.4   138.1   256.3   322.7   363.1   392.9   429.0   479.8   610.7  2336.2  5709.2  9449.9  73100.0    73039
read      369.4   649.2    74.4   123.6   138.7   257.0   323.1   365.3   396.8   435.6   496.0   717.5  3093.0  8088.0 17482.5  74058.2    74055
read      285.8   241.3    74.4   123.6   138.1   259.8   316.4   346.7   368.4   393.2   424.7   476.3   783.0  3479.3  7871.3  51105.8    51197
read      316.0   335.1    74.4   125.5   140.4   267.6   332.6   369.1   395.9   427.9   470.0   559.9  1364.2  4666.9 10393.3  59444.8    59442
read      323.5   440.4    80.4   132.3   149.0   277.7   330.4   359.1   379.7   404.8   443.0   522.6  1374.3  7828.8 13544.7  35479.4    35654
read      365.6   581.8    80.4   127.1   142.5   261.3   327.8   371.1   403.8   444.5   502.9   675.7  2905.8  7998.7 12760.1  78745.6    78747
read      285.9   176.3    80.4   127.1   142.1   268.5   322.1   351.1   371.5   395.8   427.7   481.6   692.4  2368.0  5522.0  42254.6    42212
read      291.8   242.7    74.4   124.8   139.7   263.2   322.9   355.7   379.0   405.1   439.4   499.4   811.9  3283.4  7970.1  52582.0    52488
read      296.1   260.2    80.4   128.8   143.9   267.6   318.0   344.6   364.4   387.6   419.3   481.6  1112.2  3472.1  7659.5  37006.6    36950
read      248.6   109.1    74.4   137.1   152.0   240.4   272.6   290.4   303.3   318.6   339.8   374.2   512.1  1389.4  3570.1  16863.2    16762
read      361.5   558.1    74.4   126.6   142.1   260.8   328.2   371.9   405.2   447.9   508.7   687.0  2747.1  7966.2 12154.2  79279.6    79473
read      318.1   348.6    80.4   123.9   139.1   263.7   328.2   365.3   392.4   425.3   470.3   576.3  1594.2  4934.9  9898.4  61475.0    61431
read      384.7   654.7    80.4   127.7   143.9   261.2   329.5   376.3   414.0   462.4   541.9   848.3  2918.9  8803.8 16012.4  87250.2    87172
read      435.9   755.9    80.4   140.6   160.3   284.3   343.3   381.3   413.7   462.8   560.3  1198.8  3689.8  8941.9 13666.7 107884.4   108181
read      250.4   110.8    74.4   123.4   137.5   232.7   289.3   316.5   334.8   355.4   380.7   421.7   524.7   901.1  2754.1  80642.0    80515
read      275.9   162.7    80.4   127.2   142.2   261.6   308.5   333.4   350.9   371.9   399.6   448.0   705.8  2243.8  4293.8  36993.0    37149
read      253.8   251.8    86.8   141.2   155.1   234.9   265.9   282.8   294.8   311.2   333.5   372.8   605.0  2965.3 10037.9  13398.4    13444
read      368.2   571.0    80.4   127.3   143.1   268.0   337.2   380.4   414.1   457.5   528.9   803.5  2404.3  7996.4 15941.7  71991.8    72057
read      327.6   357.5    80.4   125.2   140.4   262.0   328.5   368.5   397.7   434.2   488.0   632.2  1764.0  4549.6  9166.6  70226.0    70041
read      471.2   916.7    74.4   134.0   152.6   271.6   339.3   390.0   434.6   503.7   679.1  1449.3  4347.4 11327.6 17398.9  90059.4    90162
read      288.5   218.9    74.4   123.9   138.8   262.9   320.5   351.7   373.7   400.0   434.0   494.9   848.3  2929.7  7838.1  51965.2    52082
read      259.2   116.0    80.4   131.7   147.9   252.9   290.2   310.3   324.2   341.2   363.9   400.1   516.6  1513.4  3337.4  24230.0    24258
read      408.1   704.3    74.4   127.5   143.7   269.7   338.5   383.1   418.7   465.1   548.1  1008.0  3383.6  8856.8 16082.3  72053.6    72013
read      307.6   287.2    80.4   124.6   140.0   263.1   324.0   358.6   383.5   413.2   455.2   548.0  1369.7  3975.8  7738.3  57858.0    58012
read      306.6   237.2    80.4   130.6   147.0   276.4   332.9   364.2   386.8   413.8   451.4   521.9  1098.1  3144.1  7350.5  45315.8    45398
read      305.1   350.2    80.4   125.1   140.2   264.7   322.0   353.5   375.8   402.1   437.1   502.0  1208.5  6153.5  8976.2  50070.8    50177
read      286.6   216.5    80.4   130.8   146.7   268.6   315.2   340.0   358.2   379.4   407.7   458.8   730.3  3305.6  7591.7  34503.8    34504
read      338.4   459.6    80.4   125.5   141.1   264.3   329.2   367.8   396.2   430.7   481.0   615.0  2093.1  7339.3 10414.7  66056.4    66010
read      371.5   584.8    80.4   127.6   143.4   267.6   336.5   380.1   413.7   456.9   524.1   758.1  2717.8  8032.6 13337.8  73916.2    73937
read      298.7   306.7    74.4   124.2   139.4   260.9   319.8   352.1   374.7   401.1   435.1   497.5  1118.0  4411.2  8703.2  54966.6    55020
read      356.0   510.6    80.4   129.1   145.4   279.5   343.8   380.7   407.7   442.9   496.3   625.1  2397.2  7115.9  8660.8  53160.0    53235
read      458.7   835.0    74.4   136.2   154.6   270.9   338.3   391.2   437.9   508.9   690.3  1370.5  3829.5 11196.7 16872.9  97505.8    97743
read      215.5   115.6    86.8   141.5   151.1   201.9   226.7   239.9   250.4   263.5   280.8   311.0   443.1  1359.9  5667.8   5420.4     5419
read      261.5   153.0    86.8   140.2   155.0   242.7   276.8   296.7   312.2   331.3   359.3   414.8   717.8  1923.9  3366.7  14798.8    14764
read      231.0   111.9    93.8   141.7   153.0   216.8   244.6   260.5   272.0   287.1   307.6   344.8   570.5  1333.1  3393.9   7498.8     7451
read      300.6   263.1    80.4   125.5   141.1   267.8   324.9   357.0   379.8   406.7   444.2   513.2  1024.5  3895.2  7777.0  48052.8    48208
read      264.9   158.8    86.8   141.0   156.9   248.5   282.5   301.4   316.0   334.5   359.8   403.7   737.1  2047.6  4063.5  16267.8    16149
read      362.3   576.5    80.4   125.0   140.1   258.0   323.9   365.7   397.4   436.0   493.7   663.7  3133.1  7847.6 12323.0  78784.6    78989
read      289.1   289.9    80.4   139.3   155.9   257.4   294.5   316.3   333.2   354.1   385.6   452.9  1145.3  3886.6  9437.9  18949.2    18886
read      379.1   586.4    74.4   127.5   143.2   265.5   335.5   380.7   415.8   460.4   533.6   825.4  2887.2  8180.9 12109.8  76025.8    75954
read      305.7   328.9    80.4   130.1   146.0   271.8   327.4   357.8   379.1   403.7   436.9   499.5  1146.8  4607.0 12199.8  44466.0    44409
read      270.0   144.9    80.4   148.6   164.6   256.4   290.9   310.3   324.0   341.6   365.7   405.4   600.8  1980.7  3885.7  16465.2    16431
read      506.3  1060.0    74.4   139.7   159.3   283.2   350.8   400.8   445.4   509.8   656.4  1520.3  5592.7 11874.7 25122.0  85659.2    85707
read      320.7   399.9    80.4   126.5   142.0   267.9   330.4   366.8   393.6   426.1   469.1   554.9  1431.6  6985.4 11489.3  58273.4    58253
read      563.1  1012.7    80.4   151.6   174.2   291.1   358.6   416.3   479.5   607.2   992.5  2257.5  5412.7 10904.0 17239.1 103936.2   103867
read      274.5   247.3    80.4   137.1   153.2   252.4   289.3   309.8   324.3   343.0   368.6   414.7   823.8  3416.9  8064.5  21427.8    21604
read      410.9   685.3    74.4   132.3   149.7   267.9   336.0   385.2   426.3   481.6   585.9  1072.2  3137.1  9387.7 15056.8  90323.0    90401
read      440.5   779.5    74.4   133.4   151.7   277.7   346.9   395.3   434.5   490.1   596.0  1309.5  3618.4  9937.9 16266.9  84276.8    84467
read      525.9   897.8    80.4   148.5   170.3   293.4   355.4   400.3   447.1   544.0   963.2  1794.2  4421.0  9660.4 16044.5  99721.2    99700
read      284.3   251.9    80.4   132.6   148.8   263.6   305.9   329.0   345.0   365.5   392.2   435.7   789.1  3758.0  7788.5  31916.8    32052
read      265.4   110.8    86.8   142.9   159.4   257.1   292.3   312.0   326.2   343.8   368.0   405.2   543.3  1359.8  2595.2  18280.4    18173
read      335.3   393.8    74.4   125.2   140.5   262.5   329.9   371.2   401.4   438.7   494.5   659.7  1969.6  5049.0 10177.8  67781.0    67789
read      308.8   225.9    80.4   129.1   145.2   274.7   335.9   370.5   396.0   426.4   467.5   547.1  1139.4  2715.9  5919.9  51954.8    51929
read      453.4   856.4    80.4   135.4   153.8   281.9   356.6   409.7   455.1   517.3   641.5  1234.5  3696.2 12793.0 19668.4  83789.6    83850
read      279.4   217.2    86.8   143.0   160.1   260.7   296.9   317.8   334.0   353.2   379.8   429.6   710.9  3031.7  7881.8  18512.0    18614
read      286.0   254.5    80.4   131.9   148.2   260.8   302.4   325.0   341.6   362.5   391.0   444.4  1020.8  4012.6  7563.5  29187.0    29315
read      370.1   562.0    80.4   136.8   154.3   264.9   318.1   349.2   374.0   408.5   475.7   894.0  2936.3  7727.3 15223.9 107937.0   108090
read      275.9   179.7    80.4   134.8   151.1   261.1   301.2   322.8   339.5   359.3   385.5   431.6   652.9  2412.1  5894.2  27196.4    27024
read      301.7   263.7    80.4   126.5   141.6   267.8   326.2   359.0   382.4   409.4   447.0   517.2  1094.9  3718.7  7885.4  49677.6    49907
read      231.8    86.7    86.8   143.1   155.0   222.6   250.0   265.7   276.6   291.1   310.0   341.4   460.5  1293.8  2358.2   9199.0     9150
read      336.9   420.0    80.4   133.5   150.8   279.2   332.3   362.6   385.5   414.9   460.7   583.6  1788.4  6653.9 10895.3  34433.8    34328
read      449.2   904.4    80.4   134.5   152.6   293.2   365.3   408.1   442.2   488.8   575.3   946.4  4277.9 12960.6 20261.6  52010.2    51881
read      265.4   153.1    86.8   144.9   161.1   251.2   284.7   303.1   316.6   334.2   357.9   400.2   630.3  2068.6  5403.2  14654.4    14569
read      398.9   642.0    80.4   132.1   149.4   268.0   335.1   381.1   418.2   464.8   539.4   851.0  3435.1  7934.4 11856.4  81502.8    81517
read      390.9   646.6    80.4   130.3   147.4   270.9   340.0   385.4   421.0   466.5   540.4   828.6  3165.9  8627.1 16724.5  78964.4    78694
read      514.1   955.0    80.4   142.4   163.1   282.0   347.2   399.3   450.9   546.2   879.9  1736.0  4489.9 12129.4 19709.1  93471.8    93409
read      292.2   246.3    80.4   128.7   144.1   265.9   314.6   340.8   360.3   383.6   415.8   476.5   989.9  3490.0  7489.2  39032.8    39093
read      257.0   152.7    86.8   137.5   152.6   246.0   280.0   297.8   312.0   328.4   350.7   391.7   578.8  1894.9  7225.5  18680.6    18729
read      364.1   566.7    74.4   127.5   143.1   265.4   332.6   374.7   406.8   447.6   507.3   702.7  2671.5  7846.6 12685.6  70696.0    70818
read      270.4   155.7    86.8   137.9   154.1   259.5   296.3   316.8   332.3   350.3   374.2   418.3   581.6  2296.4  4827.9  21925.6    21942
read      443.6   802.2    80.4   135.2   153.4   273.3   337.5   381.7   422.3   488.3   647.8  1318.5  3525.5  9866.6 21274.3  91855.6    91810
read      298.9   311.7    80.4   127.7   142.7   263.4   312.8   339.9   360.4   385.2   420.0   488.7  1268.5  4735.9  8798.0  39647.8    39588
read      306.1   289.1    74.4   130.2   146.2   272.2   327.0   357.1   378.6   404.0   440.2   507.0  1089.1  4445.2  8018.9  40767.4    40957
read      351.7   573.0    74.4   124.9   140.1   266.9   332.6   371.3   400.5   436.0   489.2   620.5  2341.9  8930.4 13056.1  62570.4    62645
read      275.6   346.4    80.4   140.1   155.2   241.5   274.0   292.7   307.1   323.8   347.3   401.4  1182.1  5468.2 12015.4  15528.8    15539
read      510.5   900.9    80.4   150.5   172.4   281.5   338.5   380.9   423.1   507.5   833.4  1791.0  4832.2  9473.5 15757.7 107831.4   107672
read      279.5   200.7    80.4   129.6   144.7   262.8   306.9   330.8   347.4   369.3   398.1   448.0   719.9  3123.4  7556.6  32853.2    32954
read      315.5   434.2    80.4   122.3   136.7   259.5   320.6   356.6   382.6   413.7   455.8   537.3  1590.0  6423.0 14398.2  58730.0    58866
read      273.7   201.4    80.4   132.4   148.6   254.6   292.4   313.3   328.9   347.3   374.0   427.2   803.5  3082.0  5274.0  23759.8    23739
read      318.1   338.7    74.4   123.7   138.7   266.0   328.5   364.2   390.4   422.2   466.5   567.7  1577.1  4738.0  7913.5  54661.2    54701
read      344.2   474.3    74.4   125.3   140.6   270.2   336.4   375.0   404.3   441.5   494.8   621.5  2080.7  7608.8 11841.2  60524.2    60706
read      457.0   841.0    80.4   129.3   146.2   275.0   346.6   395.2   435.8   494.6   619.3  1388.3  4362.8  9699.2 18515.4  72409.8    72350
read      348.2   529.8    74.4   124.7   140.1   266.5   330.6   368.3   396.2   430.6   481.2   603.1  2510.8  7780.8 12516.5  58677.4    58661
read      294.5   325.1    80.4   129.3   144.8   266.9   315.1   340.5   358.9   380.1   408.6   462.9   891.5  6322.7  9387.6  34925.2    34912
read      470.9   759.3    74.4   141.5   161.3   274.8   341.7   400.2   464.2   588.6   872.0  1486.5  3424.2  8867.4 16896.7 103123.2   103268
read      288.0   221.3    80.4   128.6   143.5   264.7   314.4   340.8   359.8   381.7   410.1   462.0   979.4  3258.7  4904.2  38735.4    38703
read      389.4   708.7    80.4   128.1   143.7   260.5   328.6   374.9   412.1   460.1   537.6   824.2  3196.2  9835.0 16524.0  83421.4    83358
read      316.9   399.6    74.4   124.7   139.7   264.0   327.2   362.8   388.4   419.0   460.2   543.5  1477.0  6366.0 11390.0  57536.0    57408
read      411.8   774.5    74.4   130.6   147.6   264.3   330.1   376.1   414.9   465.8   548.7   893.4  3651.4 10490.1 16966.5  86881.0    86837
read      291.9   227.9    74.4   130.8   146.6   268.4   315.4   340.9   360.1   382.7   413.6   471.8   959.4  3241.7  7726.8  33574.6    33517
read      335.5   445.8    74.4   123.9   139.1   260.7   325.3   365.0   394.4   430.0   480.0   599.3  2206.7  6904.2 10191.2  66114.6    66204
read      366.5   614.1    80.4   126.6   141.9   261.4   326.8   368.9   400.6   439.9   497.2   656.3  2897.9  8573.8 13447.0  73845.2    73758
read      540.3  1007.4    80.4   142.2   162.3   271.0   332.5   389.5   459.9   624.6  1052.4  1942.3  5597.3 12011.5 19993.3  99885.0    99742
read      416.4   669.7    74.4   139.2   158.2   276.1   332.0   366.6   395.7   438.9   543.8  1261.2  3395.6  7774.9 14830.3 109349.2   109462
read      292.2   266.2    80.4   128.4   143.4   246.4   304.5   335.5   358.1   385.8   426.4   528.9  1243.6  3521.5  7814.3  94340.2    94453
read      285.5   337.4    80.4   126.0   140.4   257.7   306.5   332.3   350.9   373.4   403.0   456.6   786.6  5644.0 12456.1  44182.8    44096
read      544.4  1027.2    80.4   145.1   166.0   278.3   344.1   405.5   481.1   653.2  1116.4  1810.9  4822.2 13188.4 19358.9 100401.0   100467
read      229.1   171.2    93.8   141.2   152.9   215.7   242.0   256.8   268.4   282.0   300.1   332.2   486.7  1590.1  7986.5   8558.0     8576
read      336.3   419.5    80.4   125.4   140.4   265.8   331.8   371.0   400.1   435.8   488.8   619.5  2005.9  5887.2 10768.7  59366.4    59359
read      238.7   220.1    86.8   145.8   156.7   219.6   246.2   261.2   271.9   286.4   305.8   342.6   581.1  2692.7  9943.7   7629.2     7614
read      344.7   434.8    74.4   124.5   139.6   266.6   333.2   373.3   403.5   441.4   498.3   671.3  2269.2  5856.7  8652.0  60321.2    60329
read      290.3   221.6    74.4   125.1   139.5   264.5   319.0   348.6   370.2   395.6   428.6   489.4   924.0  3104.0  7268.1  43686.8    43762
read      366.1   539.0    80.4   124.9   140.0   263.9   332.8   376.0   409.7   452.6   518.9   784.4  2582.2  7736.0 11993.4  67066.6    67038
read      281.4   182.3    80.4   137.3   153.8   264.8   305.8   327.9   344.1   364.6   392.2   441.9   785.4  2327.6  7650.5  26208.6    26095
read      398.9   720.3    80.4   126.7   142.4   267.1   336.5   381.6   417.0   461.1   534.7   853.0  3559.9  9418.2 17284.9  71021.4    71173
read      369.5   625.2    74.4   133.2   150.0   253.6   305.0   335.6   359.7   392.7   457.2   941.4  3043.4  8132.5 15450.0 109497.0   109276
read      246.4   131.0    86.8   142.6   157.2   235.4   265.8   282.4   294.7   310.2   330.1   365.7   503.2  1577.5  4310.6  13194.6    13150
read      379.9   547.6    80.4   128.7   144.3   273.9   350.3   399.1   436.3   486.9   572.8   818.8  2606.4  7859.7 12143.4  61303.6    61250
read      443.8   818.6    74.4   133.2   150.9   272.4   341.6   392.6   435.4   496.0   608.4  1186.3  4227.8  9553.1 17451.4  84591.4    84472
read      479.0   892.6    74.4   134.3   152.4   278.6   352.5   406.8   455.4   526.4   681.2  1442.6  4827.6 10753.9 16591.2  82108.0    82226
read      277.1   135.3    80.4   131.8   148.0   265.8   308.7   331.9   348.5   369.5   397.4   448.5   670.7  1692.0  2705.1  27780.4    27671
read      446.8   767.6    80.4   139.5   158.4   277.0   337.8   376.3   411.2   468.6   625.2  1347.0  3724.2  8815.9 14257.8  98848.8    98736
read      267.2   159.0    80.4   128.7   143.4   238.4   292.5   321.3   342.2   366.4   398.8   462.7   786.6  1934.7  3650.1 106026.6   106314
read      262.0   158.5    74.4   127.7   141.8   234.1   287.7   316.4   336.5   360.0   390.5   442.8   759.9  2080.6  4011.9 105071.4   105027
read      265.6   176.3    74.4   125.5   139.9   234.1   290.1   319.3   339.8   363.8   395.3   456.0   858.9  2108.8  4466.0  96877.6    96867
read      278.8   274.1    74.4   124.0   138.6   236.9   293.9   322.9   343.2   368.0   401.5   473.8  1130.1  3928.4  8026.9  89595.6    89493
read      299.1   256.7    74.4   125.6   140.3   264.1   320.6   352.8   375.9   403.9   443.0   516.1  1165.0  3559.5  7354.8  50400.4    50538
read      265.7   128.3    80.4   134.9   151.5   257.3   294.0   314.1   328.8   345.8   370.3   412.0   579.8  1416.1  3755.0  22107.2    22083
read      338.9   501.1    80.4   128.9   144.8   275.2   336.3   371.0   396.7   427.6   469.4   560.1  1842.3  8118.6 13837.7  48646.6    48618
read      363.2   617.6    74.4   128.2   143.7   252.2   309.1   341.2   366.2   399.3   460.1   747.3  3270.3  7928.5 15436.9  93932.6    94298
read      345.5   533.6    80.4   124.8   139.8   262.8   325.7   363.9   392.6   429.2   484.5   632.3  2298.5  8009.0 17584.7  63652.8    63579
read      343.0   449.1    74.4   122.8   138.0   262.0   330.9   372.6   403.5   442.6   499.8   684.9  2051.9  7147.6 10466.7  64724.0    64573
read      408.9   681.2    80.4   128.6   145.1   272.2   344.2   393.5   432.8   487.2   583.6  1021.5  3203.3  8512.9 17050.9  77208.4    77178
read      292.9   241.2    80.4   130.8   146.6   267.8   313.9   339.0   357.7   380.1   411.2   469.5  1033.4  3432.4  7671.5  29922.4    29824
read      420.4   705.2    74.4   130.0   146.7   278.7   351.5   398.7   434.9   484.4   571.6   989.6  3810.6  8456.7 13939.8  64504.2    64495
read      286.5   269.4    80.4   134.7   151.4   255.9   294.1   315.8   332.8   353.8   384.4   445.9  1240.5  3889.4  7809.7  20929.4    20917
read      543.3  1061.7    80.4   136.2   155.2   275.9   346.5   405.3   465.3   577.1   919.8  1913.7  5820.7 12298.7 18331.7  85673.8    85651
read      376.3   646.7    74.4   126.2   141.7   268.8   336.0   378.2   410.4   451.6   518.4   755.8  2726.9  8345.3 16727.6  61836.8    61935
read      302.7   284.8    80.4   124.0   139.1   266.0   325.9   359.2   383.4   412.2   452.3   532.8  1046.4  3998.9  8992.1  50223.2    50216
read      445.1   781.8    74.4   129.4   146.4   274.8   348.7   398.5   439.1   496.1   599.7  1184.2  4219.9  8120.2 16257.1  72152.6    72251
read      429.5   802.6    80.4   129.6   146.6   278.9   351.7   400.1   438.2   491.4   584.4  1006.6  3732.1 10736.4 18160.0  72056.8    71798
read      298.4   293.7    86.8   138.8   156.0   261.0   301.0   323.6   341.2   364.2   396.9   468.4  1402.1  4357.4  7825.4  19694.0    19701
read      270.1   147.3    74.4   131.8   148.1   258.2   298.1   319.9   336.6   356.6   384.7   432.5   625.8  1715.7  5172.4  24944.2    24952
read      395.7   718.6    74.4   126.7   142.2   259.6   327.3   373.5   411.1   460.2   540.1   861.9  3414.2  9261.0 16963.2  81953.4    81838
read      324.5   551.2    86.8   132.9   149.7   263.9   307.1   330.7   347.7   370.5   402.0   473.6  1505.4  8051.4  9953.3  26574.8    26648
read      279.0   169.4    80.4   135.1   152.3   261.6   301.8   323.5   340.5   361.3   389.9   445.0   786.1  2226.9  4029.4  24798.2    24837
read      293.8   216.4    80.4   132.7   149.3   269.8   316.1   341.8   361.2   384.6   418.0   484.1   954.4  2808.3  7655.8  29257.6    29420
read      617.0  1085.0    80.4   165.2   189.9   307.0   372.0   427.4   492.9   720.7  1441.0  2579.6  5030.9 12898.6 23524.4 104038.0   103882
read      350.1   645.6    74.4   125.4   140.8   256.1   316.2   351.2   379.4   416.9   471.3   608.6  2492.0  8966.3 19135.2  70546.4    70314
read      374.4   573.5    80.4   126.0   141.8   271.1   340.0   382.6   415.0   457.1   525.6   758.9  2959.8  7602.5 12674.6  61664.0    61679
read      338.2   458.3    80.4   128.1   144.0   274.5   336.5   372.3   398.8   431.7   479.6   590.9  1802.7  7590.2 13858.3  49513.4    49557
read      254.0   125.1    86.8   134.0   150.3   243.7   277.5   295.7   310.1   326.8   349.1   391.2   555.2  1558.4  3826.9  19358.2    19325
read      225.3    84.2    86.8   141.1   152.7   215.5   241.4   255.5   266.8   279.4   296.5   331.4   492.9  1145.6  1949.1   9162.4     9128
read      532.7   988.8    80.4   142.4   163.4   283.6   355.2   416.5   479.7   600.3   963.8  1739.1  4948.0 11239.0 21359.7  95032.6    94933
read      274.0   228.3    80.4   130.5   146.7   253.8   291.6   312.3   327.4   345.6   372.1   426.0   892.8  3023.1  8130.5  24314.6    24327
read      338.7   396.8    74.4   126.2   141.7   263.4   327.6   367.2   398.6   440.3   506.2   697.8  1988.2  5088.3  8236.0  71750.8    71896
read      391.4   531.2    80.4   133.8   151.2   273.8   348.6   404.8   453.8   518.4   624.4   913.3  2608.1  7364.5 12264.5  93827.6    93771
read      277.0   173.2    80.4   138.6   155.4   259.5   296.9   318.1   334.7   354.7   383.5   439.9   785.2  2252.2  6348.5  20470.6    20452
read      285.6   178.1    80.4   125.9   140.5   264.1   316.7   345.1   366.0   390.9   424.3   486.9   844.0  2326.4  3714.8  42304.6    42338
read      340.0   404.6    74.4   124.9   140.3   262.8   331.4   374.8   409.0   452.1   514.1   695.4  1961.8  5268.9 10123.9  72679.8    72627
read      374.9   504.3    80.4   129.5   145.9   273.2   347.0   397.8   437.8   491.7   578.7   828.2  2368.8  7221.9 11793.1  80740.8    80603
read      310.8   275.2    80.4   127.6   142.9   271.4   331.7   365.7   390.7   421.1   462.2   545.7  1280.1  3687.5  7751.4  49159.0    49049
read      378.5   500.3    80.4   131.8   148.8   266.6   337.8   391.8   437.5   499.3   597.2   863.6  2575.1  6765.8 10062.4  92060.2    92305
read      293.7   204.7    80.4   123.5   138.4   262.2   323.4   359.3   385.3   415.8   456.0   527.3   921.3  2506.6  4658.7  57028.4    56889
read      385.2   559.6    80.4   130.0   146.4   275.9   349.3   398.4   438.0   490.8   576.4   841.2  2643.7  7685.3 11820.1  77960.2    78036
read      349.1   439.2    80.4   126.9   142.4   269.8   339.7   384.3   418.5   461.3   523.8   678.3  2153.1  6892.8  9503.1  71571.8    71583
read      351.2   428.5    74.4   127.4   142.8   270.3   342.1   388.3   424.2   468.6   538.3   717.0  2025.2  6175.0  9640.2  72454.6    72609
read      322.2   344.5    80.4   131.4   147.5   249.2   305.0   338.2   364.2   399.0   464.9   726.4  1807.2  3889.0  7881.1 107609.2   107382
read      253.5   118.8    80.4   123.2   137.4   232.0   289.1   317.6   337.2   359.8   388.4   434.2   593.1  1122.8  2600.8  86591.8    86530
read      260.1   130.4    86.8   139.6   155.9   248.5   282.1   300.4   314.5   332.0   355.3   397.1   602.1  1753.1  3160.0  16602.6    16550
read      421.7   728.9    80.4   132.5   149.9   276.8   349.3   401.5   445.7   506.3   615.4  1001.6  3429.6  8659.0 17140.9  84525.0    84534
read      354.8   427.8    80.4   127.5   143.0   270.9   342.8   389.8   426.0   471.7   543.4   733.2  2167.2  5764.6  9771.0  72691.4    72631
read      299.0   235.0    80.4   124.1   139.0   265.6   325.1   358.6   382.8   411.7   450.8   522.6  1119.7  3246.2  7079.1  49463.8    49291
read      306.6   285.6    80.4   122.5   137.1   261.7   326.7   364.8   392.9   426.4   470.1   554.8  1263.3  4188.8  7890.2  62332.6    62175
read      351.7   473.7    80.4   126.7   142.3   264.8   335.5   381.6   418.5   464.4   532.9   715.2  2129.3  7524.1 11010.1  80160.2    80213
read      256.7   118.8    86.8   143.7   159.7   249.6   282.0   299.6   312.8   328.3   348.1   385.5   517.7  1015.6  3984.4  16578.2    16566
read      321.1   312.1    74.4   127.4   142.7   273.6   338.3   375.2   402.9   435.7   481.4   577.1  1399.4  4115.9  8991.2  53996.8    53985
read      335.8   435.2    74.4   129.0   144.7   252.5   310.6   342.3   367.0   398.9   454.9   658.7  2521.5  5220.2  9199.8 102025.0   101949
read      266.2   140.2    86.8   133.1   149.0   256.9   295.7   316.5   331.9   349.3   373.5   415.5   587.1  1456.1  4177.5  24049.0    24076
read      295.9   227.7    80.4   122.9   137.5   263.9   323.7   357.8   382.6   412.1   452.3   528.2  1021.0  2660.8  7462.2  52510.2    52574
read      337.7   441.1    80.4   133.1   149.7   257.1   313.3   344.9   369.4   400.7   453.3   634.4  2514.7  6231.9  9003.3 106194.4   106271
read      272.4   207.6    74.4   127.7   142.1   236.8   291.8   321.4   342.5   368.1   401.7   471.1   929.0  2709.0  7134.3 105599.0   105451
read      259.2   151.8    74.4   124.1   138.3   234.5   291.2   319.4   339.2   362.2   392.0   443.0   647.6  1817.3  4485.8  85989.0    86087
read      262.3   134.3    80.4   128.9   143.6   254.8   293.9   314.8   330.0   346.8   370.6   409.0   556.7  1859.4  3430.1  29285.0    29108
read      331.8   449.3    74.4   130.0   145.8   252.4   309.9   342.2   367.5   400.4   460.1   646.2  2268.3  6225.6 12419.6 101057.2   101115
read      297.0   309.3    80.4   123.1   137.6   249.6   310.0   343.7   369.7   402.0   449.3   537.5  1299.8  4170.3  8454.6  74496.2    74326
read      346.0   372.6    80.4   128.8   144.5   270.7   343.1   390.9   427.4   472.3   541.3   709.0  1933.3  4419.3  9241.3  75738.6    75832
read      357.8   441.7    80.4   132.6   149.4   262.8   325.4   364.4   397.7   451.5   565.3   857.9  2232.0  6174.7  9451.8  94967.0    94901
read      245.3    89.5    80.4   138.3   153.3   239.5   270.6   288.0   300.2   315.3   335.3   367.0   463.6   981.7  3235.2  15884.2    15809
read      279.4   187.7    80.4   129.8   145.3   263.4   307.3   330.3   346.4   367.4   395.9   448.0   743.6  2754.1  5657.0  28814.4    28874
read      299.6   190.2    80.4   124.8   140.0   268.9   331.5   366.7   392.4   423.7   466.0   552.7   966.3  2119.3  3972.8  51862.4    51882
read      280.3   147.5    80.4   129.4   144.6   267.5   314.5   339.6   358.0   379.2   407.7   462.9   716.0  1661.1  4149.5  32565.0    32653
read      297.6   187.3    80.4   128.8   144.6   275.2   332.0   363.3   385.9   412.5   449.5   514.7   848.3  2120.7  5769.4  41693.8    41676
read      306.1   239.0    80.4   123.3   138.1   262.6   328.0   366.7   395.5   430.5   477.2   578.9  1255.0  2580.4  7112.0  63201.0    63019
read      341.7   435.5    74.4   130.5   146.6   256.1   315.6   349.6   376.3   415.4   493.3   783.8  2148.4  5788.9 12051.1  99115.4    99164
read      278.1   182.8    74.4   124.7   139.1   259.5   310.7   338.0   358.2   382.7   415.3   469.1   722.6  2367.2  6076.3  46904.0    47055
read      326.0   311.8    80.4   125.2   140.2   267.2   333.8   373.7   404.1   442.4   496.8   635.0  1619.9  3478.5  7827.9  62403.8    62394
read      398.2   486.3    80.4   136.0   153.6   273.8   352.9   418.5   474.2   553.4   683.9  1011.0  2472.2  6212.7  9307.1  98388.0    98519
read      282.4   181.0    86.8   130.9   147.0   268.4   314.9   339.8   358.3   379.8   408.1   458.6   679.1  2268.1  4871.3  32070.2    32122
read      303.8   346.3    80.4   125.4   140.4   265.9   325.9   359.5   383.4   411.3   449.6   522.8   973.3  5249.0 14013.0  49480.2    49464
read      274.2   119.4    80.4   137.3   154.0   265.5   306.4   328.6   344.4   364.5   390.3   433.7   591.9  1171.5  3054.6  23933.0    24034
read      381.9   529.1    80.4   130.7   147.5   278.3   354.5   405.5   446.8   500.1   584.8   832.0  2392.9  7531.8 12589.9  77293.2    77363
read      377.0   506.6    80.4   133.0   150.2   272.7   345.5   399.6   444.4   502.7   595.4   848.6  2276.7  7121.3 14052.3  91779.6    91698
read      285.3   173.9    80.4   127.5   142.6   267.8   320.4   348.7   369.3   393.5   425.0   478.3   711.7  2279.7  4671.9  39074.8    38997
read      379.7   507.9    74.4   131.7   148.8   272.3   348.6   404.2   451.3   511.8   606.0   845.5  2432.1  7182.9 11462.3  86187.6    86028
read      356.2   468.6    74.4   127.1   142.5   263.7   333.6   380.9   419.3   467.8   543.2   748.6  2303.6  6505.4 11008.4  82897.4    83012
read      262.3   152.9    74.4   142.8   159.0   249.1   282.3   300.4   314.0   330.6   352.5   394.3   583.4  2362.5  6204.9  15070.6    15024
read      312.7   292.0    80.4   125.5   140.4   266.3   329.0   365.8   393.2   426.1   469.5   563.2  1370.1  3936.5  7716.1  56526.4    56640
read      310.3   356.8    74.4   128.2   143.1   244.8   301.5   332.9   356.0   385.6   433.4   619.1  1680.5  5227.4  8805.3  97186.2    97362
read      271.6   240.9    80.4   128.0   142.3   234.5   287.2   316.1   336.6   360.7   392.6   455.3   981.5  3273.8  7667.9 107263.2   107412
read      286.0   231.3    80.4   123.7   138.0   251.0   309.6   340.8   364.6   393.7   433.5   505.5  1008.3  3121.7  6400.5  65014.0    65030
read      354.1   438.2    80.4   128.4   143.6   265.0   335.7   383.0   421.0   468.6   541.2   724.5  2340.0  5993.6  9816.5  79289.4    79278
read      294.7   245.0    80.4   125.9   140.3   265.1   322.7   353.9   376.0   402.1   436.4   501.5   959.0  3252.2  7716.7  47442.6    47544
read      347.0   419.4    80.4   132.3   148.6   253.2   312.4   350.2   383.8   435.8   551.5   842.0  2187.8  5859.0  9288.1 105306.0   105368
read      294.0   238.9    74.4   124.5   139.2   259.9   318.7   352.0   376.4   405.9   447.9   523.0  1031.4  3120.6  7757.5  58257.6    58181
read      299.6   212.3    74.4   125.4   140.2   264.2   327.2   363.3   389.4   420.4   461.8   541.8  1070.4  2534.3  4996.4  57075.6    56960
read      255.5   125.8    86.8   142.6   157.7   244.3   275.5   293.5   307.0   322.0   344.6   386.1   565.7  1629.5  3137.6  14790.4    14849
read      274.0   201.7    74.4   123.8   138.0   246.3   301.4   329.2   348.7   373.4   407.6   470.9   885.3  2637.3  6994.9  63636.0    63672
read      251.2    99.4    80.4   125.9   139.7   248.8   293.1   313.8   328.2   344.4   366.5   399.2   469.9   641.9  2033.7  48288.6    48289
read      223.1    67.9    86.8   140.4   153.5   220.3   244.1   257.1   267.1   278.0   293.2   317.3   372.2   548.3  2392.8  11820.4    11797
read      224.3    73.2    74.4   141.1   154.4   220.2   244.3   257.9   267.9   279.1   294.3   319.6   381.4   592.8  2431.4  10828.6    10781
read      248.9   106.5    74.4   124.5   138.2   246.4   290.3   310.7   324.3   340.5   361.3   392.9   465.1   845.7  4082.3  49209.6    49362
read      260.7   179.1    80.4   126.6   140.7   232.8   286.2   314.5   334.2   356.9   386.1   435.8   718.2  2275.5  6269.2 102424.0   102119
read      245.3    91.1    80.4   124.2   137.6   245.1   287.0   306.4   319.2   335.3   355.0   385.6   453.1   586.2  1882.1  46334.2    46213
read      249.9   122.7    80.4   124.2   138.2   228.0   282.1   310.6   329.7   351.3   378.8   424.9   586.9  1123.3  2878.1  96905.0    97025

Total QPS = 58158.4 (69790088 / 1200.0s)

Total connections = 64
Misses = 0 (0.0%)
Skipped TXs = 0 (0.0%)

RX 17238151489 bytes :   13.7 MB/s
TX          0 bytes :    0.0 MB/s
Warning! Detected max cpu usage > 95%
CPU Usage Stats (avg/min/max): 99.85%,9.50%,100.00%
