Random waveform, supplied seed
Total number of intervals = 240 (6927, 52892, 98921, 61129, 40613, 53226, 38560, 103465, 104758, 94759, 37799, 8296, 69443, 12517, 43591, 20430, 93758, 10485, 16518, 83230, 5484, 55611, 20774, 96726, 32442, 73039, 74055, 51197, 59442, 35654, 78747, 42212, 52488, 36950, 16762, 79473, 61431, 87172, 108181, 80515, 37149, 13444, 72057, 70041, 90162, 52082, 24258, 72013, 58012, 45398, 50177, 34504, 66010, 73937, 55020, 53235, 97743, 5419, 14764, 7451, 48208, 16149, 78989, 18886, 75954, 44409, 16431, 85707, 58253, 103867, 21604, 90401, 84467, 99700, 32052, 18173, 67789, 51929, 83850, 18614, 29315, 108090, 27024, 49907, 9150, 34328, 51881, 14569, 81517, 78694, 93409, 39093, 18729, 70818, 21942, 91810, 39588, 40957, 62645, 15539, 107672, 32954, 58866, 23739, 54701, 60706, 72350, 58661, 34912, 103268, 38703, 83358, 57408, 86837, 33517, 66204, 73758, 99742, 109462, 94453, 44096, 100467, 8576, 59359, 7614, 60329, 43762, 67038, 26095, 71173, 109276, 13150, 61250, 84472, 82226, 27671, 98736, 106314, 105027, 96867, 89493, 50538, 22083, 48618, 94298, 63579, 64573, 77178, 29824, 64495, 20917, 85651, 61935, 50216, 72251, 71798, 19701, 24952, 81838, 26648, 24837, 29420, 103882, 70314, 61679, 49557, 19325, 9128, 94933, 24327, 71896, 93771, 20452, 42338, 72627, 80603, 49049, 92305, 56889, 78036, 71583, 72609, 107382, 86530, 16550, 84534, 72631, 49291, 62175, 80213, 16566, 53985, 101949, 24076, 52574, 106271, 105451, 86087, 29108, 101115, 74326, 75832, 94901, 15809, 28874, 51882, 32653, 41676, 63019, 99164, 47055, 62394, 98519, 32122, 49464, 24034, 77363, 91698, 38997, 86028, 83012, 15024, 56640, 97362, 107412, 65030, 79278, 47544, 105368, 58181, 56960, 14849, 63672, 48289, 11797, 10781, 49362, 102119, 46213, 97025)
Average QPS expected = 58167
Timestamp start: 1778443239254
Timestamp end: 1778444439600

#type       avg     std     min      p5     p10     p50     p67     p75     p80     p85     p90     p95     p99    p999   p9999      QPS   target
read      218.2    87.0    80.4   143.3   155.3   211.5   234.9   248.8   258.4   270.1   285.8   311.7   377.2   632.7  3117.6   6956.8     6927
read      255.4   101.8    74.4   127.6   141.1   250.1   299.9   321.9   337.3   354.7   376.1   412.3   492.0   636.7  3080.4  52873.8    52892
read      254.6   151.3    80.4   126.8   140.5   232.3   287.3   316.1   336.0   358.5   386.5   430.2   567.1  1211.4  7189.9  98963.2    98921
read      304.4   699.7    80.4   126.7   141.9   264.6   322.9   356.1   380.9   412.3   456.9   541.0  1081.1  3593.8  9181.7  61077.4    61129
read      284.7   664.7    74.4   126.5   141.3   267.8   318.7   345.5   365.3   388.4   419.1   470.3   701.6  2345.4  4273.2  40668.0    40613
read      300.2   308.9    80.4   126.4   140.7   264.4   324.8   357.1   380.0   406.5   442.5   507.5  1066.5  4473.0  9242.6  53265.4    53226
read      287.4   218.8    80.4   128.2   143.5   267.4   316.1   341.7   360.6   382.8   412.9   466.5   822.4  3313.7  6421.7  38637.4    38560
read      444.9   697.1    80.4   139.1   157.7   271.1   332.6   376.2   421.2   509.0   772.5  1429.2  3335.4  8293.7 14817.9 103274.4   103465
read      257.8   124.5    80.4   127.7   141.6   234.4   289.1   318.1   338.5   362.0   391.8   440.5   634.2  1276.9  2137.0 104635.8   104758
read      253.3   123.7    74.4   125.5   139.3   231.2   287.5   316.6   336.5   359.2   387.8   432.5   571.1  1131.3  3208.8  94737.6    94759
read      272.9   158.3    80.4   125.6   140.2   262.7   310.4   335.0   352.5   373.2   399.9   443.4   605.0  2274.6  5130.7  37943.4    37799
read      224.0   106.1    86.8   141.1   152.3   211.5   237.8   252.6   263.9   276.4   294.7   327.4   521.4  1360.5  3956.0   8300.4     8296
read      313.9   309.7    74.4   121.3   135.7   256.7   323.7   363.2   392.1   426.7   474.1   587.2  1588.2  3906.6  7704.1  69505.0    69443
read      241.4   102.0    80.4   140.6   154.6   231.4   262.3   278.9   291.6   307.2   327.2   362.0   498.3  1348.2  2487.3  12479.4    12517
read      294.7   187.1    80.4   126.3   141.7   272.2   328.0   358.4   380.4   405.9   443.2   509.4   866.7  2371.4  3956.1  43657.4    43591
read      261.1   146.3    80.4   134.3   150.6   249.5   286.5   306.6   320.3   338.7   362.9   402.3   573.6  1678.0  5273.0  20386.0    20430
read      385.4   644.7    80.4   130.0   147.0   266.2   338.2   388.9   429.0   481.9   572.5   883.1  2737.5  7850.6 10832.3  93606.2    93758
read      223.3    89.9    93.8   138.4   150.1   214.5   241.5   256.2   267.5   280.2   296.6   326.8   431.2  1248.1  2713.1  10565.2    10485
read      245.2   105.1    80.4   135.3   150.4   237.3   270.3   288.4   301.4   317.2   339.2   374.0   494.4  1216.8  2893.2  16489.8    16518
read      389.7   850.2    74.4   128.7   145.4   269.2   338.9   384.8   420.8   466.4   541.8   792.7  3284.6  8251.2 15832.0  83090.4    83230
read      225.3   256.3    86.8   141.2   151.1   203.0   228.4   242.7   253.3   267.2   285.4   317.2   489.0  4315.2  9185.8   5500.8     5484
read      290.8   275.9    80.4   120.4   134.2   257.5   318.3   351.2   374.1   401.0   436.7   502.3   937.2  3753.0  8849.0  55494.4    55611
read      255.8   116.5    80.4   132.3   147.9   248.2   284.0   303.2   317.2   335.0   358.0   395.0   533.2  1425.5  3326.1  20737.6    20774
read      494.4   870.9    80.4   139.5   159.1   280.7   354.8   415.5   474.1   575.7   825.2  1517.5  4087.7 10137.9 17840.6  96735.2    96726
read      273.8   195.4    80.4   126.3   141.1   260.1   304.5   327.3   343.4   363.7   390.3   434.2   676.6  3024.2  7356.6  32506.4    32442
read      343.0   526.4    80.4   122.1   136.8   255.0   320.0   359.6   388.9   424.8   473.7   597.3  2538.9  7631.4  9460.9  73046.8    73039
read      334.7   430.1    74.4   122.2   137.0   255.4   322.1   363.1   393.7   431.1   484.6   622.8  2257.5  6062.9  8128.6  73879.6    74055
read      284.5   195.9    80.4   122.5   137.0   261.6   318.7   349.5   371.5   397.6   432.1   492.2   802.9  2557.2  6122.1  51333.4    51197
read      295.5   255.3    74.4   121.5   136.0   261.0   323.2   357.8   382.6   411.8   452.1   530.9   960.5  3466.7  8684.4  59429.6    59442
read      272.0   135.0    80.4   126.4   140.9   263.6   310.8   335.1   352.2   372.1   398.9   444.1   604.9  1515.0  3377.5  35762.6    35654
read      367.2   579.3    80.4   125.8   140.9   256.2   323.4   367.0   400.2   441.4   502.2   705.6  3155.0  7751.6  9865.0  78568.4    78747
read      281.9   191.8    80.4   126.4   141.0   265.0   318.6   345.5   365.4   388.3   417.2   464.2   676.1  2828.3  5897.8  42205.0    42212
read      286.9   373.4    80.4   121.6   135.5   257.8   316.5   346.9   368.6   393.7   426.4   481.4   826.6  4338.1  6838.6  52474.0    52488
read      277.2   135.4    80.4   128.2   142.5   267.1   315.9   340.8   359.0   379.9   406.7   455.8   659.5  1571.0  2797.3  37054.6    36950
read      249.1   106.3    86.8   137.3   152.2   242.2   275.1   292.9   305.8   320.0   341.5   374.4   497.5  1261.7  2688.5  16804.4    16762
read      346.1   557.9    80.4   123.0   137.7   248.3   313.6   354.4   385.2   422.1   470.9   596.0  2954.9  7782.1 10384.0  79294.0    79473
read      286.6   230.2    74.4   121.6   135.6   255.6   318.4   352.9   377.3   404.8   441.5   504.2   851.6  3332.6  7376.9  61416.4    61431
read      373.6   636.4    80.4   128.3   143.1   251.7   317.1   361.6   396.1   438.6   503.8   727.4  3366.5  8300.1 11212.8  87601.6    87172
read      398.2   671.0    74.4   135.6   152.1   251.5   306.9   342.8   373.7   422.4   546.8  1205.3  3215.2  8276.6 14439.8 108170.4   108181
read      269.1   280.1    74.4   122.6   136.0   229.8   289.9   319.8   340.4   363.9   393.7   442.0   790.0  4420.6  8231.1  80634.2    80515
read      281.6   168.4    80.4   130.6   145.0   269.6   319.6   345.0   363.4   384.3   410.4   454.4   628.3  2422.9  4517.4  37219.8    37149
read      265.3   249.4    86.8   147.7   161.9   249.9   282.1   298.8   311.8   326.7   346.4   383.5   573.6  3148.0 10469.4  13362.2    13444
read      313.6   385.9    74.4   123.7   137.8   252.3   319.2   358.0   385.9   418.9   463.1   560.0  1579.3  5662.2 11955.4  72082.8    72057
read      317.2   334.9    80.4   123.0   137.2   254.7   322.2   362.1   390.9   425.7   474.2   608.9  1677.0  4442.1  7847.0  69971.4    70041
read      384.8   655.8    80.4   127.5   142.6   250.8   316.9   362.7   399.7   448.3   529.5   880.3  3293.7  8451.9 13301.6  90129.8    90162
read      288.3   272.9    80.4   125.2   139.1   259.2   317.7   348.0   369.1   393.9   425.6   478.6   836.7  3956.1  8941.3  51986.2    52082
read      263.3   125.5    80.4   131.1   146.6   255.8   293.4   313.6   328.2   345.1   369.5   410.3   602.5  1399.3  3104.8  24254.8    24258
read      318.3   373.9    74.4   122.5   136.6   253.1   320.0   359.9   388.8   423.2   470.1   594.3  1717.3  5273.3  9765.6  72090.4    72013
read      287.8   255.3    80.4   123.0   136.9   256.1   317.3   349.5   372.6   399.2   433.5   494.2   884.2  3715.3  8068.6  58084.0    58012
read      289.7   243.2    80.4   127.9   142.0   267.3   323.0   352.3   372.8   396.7   427.3   477.6   748.1  3625.7  7999.4  45321.0    45398
read      286.0   169.8    74.4   127.2   141.2   266.0   325.4   356.4   378.0   402.7   434.9   489.2   736.7  2206.8  3943.5  50136.4    50177
read      274.6   182.6    86.8   127.5   141.0   259.8   305.6   328.9   345.4   365.7   392.2   437.0   759.7  2488.1  4611.2  34706.0    34504
read      292.1   292.5    80.4   122.6   136.4   251.8   316.0   350.8   375.7   404.4   443.1   512.2  1043.7  4215.3 10117.0  65731.4    66010
read      319.2   414.4    74.4   123.3   137.4   250.3   317.7   357.2   386.1   420.1   466.3   578.2  1751.8  6234.3 11498.0  74109.2    73937
read      287.4   202.4    74.4   124.0   137.8   258.9   319.6   352.0   374.6   401.5   436.3   502.1   913.8  2786.4  4431.5  55082.2    55020
read      280.4   193.2    74.4   123.6   137.2   256.5   315.6   346.0   367.8   392.6   424.2   477.8   811.2  2530.3  4809.9  53040.8    53235
read      427.6   762.1    80.4   132.2   149.1   256.5   320.0   369.2   412.0   471.4   588.7  1184.3  4118.9  8732.1 15475.4  97947.4    97743
read      206.9    99.5    93.8   139.6   148.7   194.6   217.6   230.4   239.7   251.8   268.9   295.4   389.0  1598.4  3055.2   5478.2     5419
read      245.6   110.9    86.8   142.2   156.1   235.9   266.5   282.9   294.6   309.6   328.9   363.3   548.3  1350.1  3532.2  14811.6    14764
read      226.2   108.4    93.8   148.2   158.1   213.3   237.8   252.1   263.0   274.8   292.6   320.1   520.7  1486.9  4159.9   7458.0     7451
read      285.0   182.9    80.4   126.8   140.8   263.5   320.4   351.1   372.9   398.7   432.4   488.9   738.9  2373.6  4362.4  48293.0    48208
read      255.9   194.1    80.4   139.1   153.5   242.1   274.6   292.1   304.9   319.5   341.1   378.1   606.0  2362.6  8954.7  16129.2    16149
read      367.2   554.0    80.4   127.6   142.1   258.2   328.6   373.6   408.7   454.0   529.6   839.3  2579.3  7561.0 14628.6  79031.0    78989
read      255.5   116.2    80.4   138.1   152.6   249.3   282.8   300.1   313.2   328.4   346.9   382.1   525.9  1477.4  3575.1  18980.8    18886
read      338.0   457.5    74.4   125.6   139.7   252.6   320.9   362.9   393.6   430.7   485.8   645.8  2264.1  6617.8  9320.9  75744.8    75954
read      277.7   136.1    80.4   128.1   141.9   265.4   319.2   346.7   366.7   389.5   418.5   465.1   640.8  1462.3  2831.8  44356.2    44409
read      248.8   117.8    80.4   138.5   152.8   240.3   271.5   288.2   299.8   314.6   334.4   368.2   550.0  1480.6  3536.1  16376.6    16431
read      359.2   574.3    74.4   128.0   142.6   254.4   320.7   365.3   398.4   439.5   499.5   681.4  2779.4  7844.7 12866.5  85606.8    85707
read      289.4   210.5    80.4   125.3   138.9   260.3   321.6   355.0   378.4   405.1   441.3   505.2   935.3  2633.5  7070.1  58019.6    58253
read      481.6   754.8    80.4   143.1   162.4   272.6   345.4   418.0   498.6   636.4   924.7  1541.9  3430.5  8265.9 15919.3 103773.0   103867
read      256.5   106.7    80.4   134.9   149.8   251.8   287.4   306.0   318.7   335.6   357.1   392.8   499.8  1258.8  3865.5  21568.2    21604
read      385.5   648.1    74.4   130.7   146.4   257.5   324.9   372.6   410.5   458.2   534.8   834.3  3165.2  8531.2 15301.8  90280.0    90401
read      364.5   592.0    80.4   129.2   144.3   260.1   328.2   373.3   408.3   452.7   518.1   723.6  2612.0  8301.5 16061.6  84464.0    84467
read      468.1   833.6    74.4   140.1   158.3   271.1   340.3   399.4   457.4   552.3   773.0  1462.2  3682.5 12162.2 17318.7  99723.8    99700
read      275.4   160.6    80.4   130.9   145.7   265.4   309.6   332.4   348.0   367.8   393.6   435.6   653.5  1827.7  4180.1  32001.4    32052
read      249.5   103.5    80.4   136.7   152.4   243.0   274.9   292.0   304.4   318.5   339.1   372.4   533.4  1262.6  2497.9  18144.4    18173
read      324.7   414.9    80.4   125.6   139.6   259.2   326.0   365.8   394.5   429.2   478.3   610.5  1706.0  4896.2 15613.2  67605.4    67789
read      285.5   203.4    80.4   125.9   139.8   263.0   321.7   353.1   374.9   400.9   434.1   494.2   775.7  2305.8  5562.5  51895.4    51929
read      381.6   754.4    74.4   128.4   143.2   251.8   315.9   358.2   391.4   431.9   493.3   698.8  3591.3  9673.0 16258.3  83745.0    83850
read      244.6   105.9    86.8   133.8   149.2   238.5   269.5   286.0   297.1   312.4   331.8   365.2   515.7  1320.3  2841.8  18724.2    18614
read      267.7   204.5    80.4   129.1   143.3   256.7   295.7   315.9   330.9   347.8   372.6   419.2   649.0  2343.1  5612.0  29344.0    29315
read      437.4   806.1    74.4   139.5   157.4   267.7   326.0   365.7   400.8   462.0   639.3  1385.3  3361.7 12888.8 16204.0 107945.0   108090
read      258.4   584.6    86.8   130.7   145.0   251.6   287.4   306.2   318.9   335.9   357.8   394.0   529.0  1550.8  3334.4  26930.0    27024
read      281.0   155.0    80.4   125.9   139.8   261.6   319.0   349.9   372.0   397.8   430.5   487.2   723.9  1832.0  3145.9  49764.8    49907
read      221.6   127.6    86.8   142.1   154.0   211.5   235.8   250.0   260.1   271.8   288.8   316.0   436.2  1275.7  2399.1   9264.0     9150
read      276.9   176.8    80.4   128.3   143.0   263.8   310.3   334.9   352.5   373.1   401.4   452.3   680.9  1758.3  2986.5  34226.0    34328
read      293.5   472.4    80.4   123.3   138.2   264.9   325.3   358.3   381.5   408.6   445.6   508.4   873.5  2839.0  6811.1  51874.2    51881
read      247.3   135.9    86.8   140.9   155.9   238.8   269.8   286.7   298.5   314.4   335.4   370.7   526.7  1098.3  2326.5  14477.2    14569
read      360.3   854.9    74.4   125.3   140.2   254.0   318.6   360.8   392.4   431.0   486.7   622.3  2603.5 12099.2 21223.3  81589.2    81517
read      355.0   655.3    74.4   126.0   140.3   251.9   317.2   358.2   389.1   426.4   478.2   622.5  2804.6  8840.4 16227.2  78758.6    78694
read      416.2   787.7    80.4   133.1   149.7   261.1   327.6   378.1   421.8   480.0   586.5  1075.2  3380.1 13062.5 16220.6  93580.6    93409
read      277.9   187.3    80.4   128.1   141.9   264.2   313.9   339.2   357.1   377.1   403.6   452.2   668.5  2348.1  5206.6  39088.4    39093
read      250.3   101.8    80.4   136.3   151.5   244.1   276.2   293.5   306.4   320.4   341.3   374.9   516.5  1373.0  2643.6  18695.2    18729
read      325.0   468.4    80.4   124.9   138.8   253.9   319.6   358.3   386.7   420.4   466.9   578.9  1886.5  5601.4 15900.9  70671.2    70818
read      259.8   214.5    86.8   133.4   148.7   249.0   283.6   301.6   314.4   330.1   350.3   388.8   539.1  2860.6  7299.1  21946.4    21942
read      390.3   709.6    80.4   131.5   147.5   259.9   326.8   373.1   411.2   460.0   537.6   821.2  3219.5  9833.3 16074.2  91662.4    91810
read      276.6   217.3    80.4   127.7   141.2   262.4   312.4   337.9   356.0   376.5   403.0   448.4   615.3  2669.9  5379.1  39562.4    39588
read      296.5   336.7    80.4   129.7   143.8   269.5   322.5   350.5   370.5   394.5   426.1   482.6   848.7  4401.5 15544.1  40969.2    40957
read      294.7   277.9    80.4   124.8   138.4   258.0   320.5   355.6   380.5   409.4   448.6   522.6  1057.5  3061.1 15162.7  62486.6    62645
read      249.6    94.9    80.4   141.2   156.7   244.0   274.5   291.6   304.0   318.0   338.1   370.4   494.4  1168.0  2207.3  15571.2    15539
read      422.3   823.0    80.4   137.6   154.7   267.2   319.8   350.8   375.0   409.8   481.4  1403.8  3443.0 12672.6 16141.3 107786.4   107672
read      271.9   206.3    80.4   130.4   144.7   261.1   302.8   324.2   340.0   359.4   384.5   425.8   593.1  2469.0  5036.4  32927.8    32954
read      293.0   292.6    80.4   125.1   138.8   259.6   321.1   355.1   379.2   407.2   444.3   507.7   837.8  3938.7 12543.9  58777.4    58866
read      261.7   105.1    86.8   134.0   149.3   257.3   293.8   312.9   326.5   342.9   365.9   402.1   542.0  1264.4  2449.7  23773.2    23739
read      312.7   333.6    74.4   128.1   142.3   270.0   333.0   367.9   393.3   423.3   463.5   545.1  1271.1  4357.0 15354.5  54705.6    54701
read      309.5   350.3    80.4   125.8   139.8   262.7   327.3   363.8   390.2   421.4   463.7   553.2  1288.0  4181.8 15579.5  60728.6    60706
read      385.6   778.8    80.4   132.3   147.8   269.2   336.6   379.5   411.8   451.5   506.2   662.4  3087.8 13332.2 24334.8  72382.0    72350
read      295.6   257.0    80.4   126.4   140.2   263.4   326.8   361.7   386.6   416.0   455.0   525.8   912.4  2738.7 11746.3  58725.0    58661
read      272.8   150.6    80.4   129.1   143.0   263.1   309.4   332.9   349.1   369.3   395.3   437.5   634.1  1668.0  4009.1  34903.6    34912
read      476.7   866.4    80.4   142.1   160.8   271.4   343.2   406.9   471.9   583.9   825.8  1462.4  3546.7 14521.1 16221.0 103343.6   103268
read      294.1   352.7    80.4   128.5   142.3   263.2   313.6   339.5   358.0   378.9   405.5   456.6  1142.2  4325.1 15689.6  38616.4    38703
read      390.1   794.1    74.4   128.4   143.2   254.8   319.8   363.7   397.6   439.7   505.9   739.0  3541.6 12599.3 16166.3  83562.0    83358
read      296.1   301.0    80.4   125.2   138.7   259.5   320.5   354.5   378.4   406.5   444.7   512.6  1044.3  3844.5 15153.0  57474.8    57408
read      396.9   747.7    80.4   130.5   146.1   262.0   331.3   379.7   418.5   468.6   555.8   886.6  3106.0 11912.5 17317.2  86778.4    86837
read      270.7   149.7    80.4   129.0   142.8   263.0   308.3   331.4   347.0   366.6   391.9   433.1   575.0  1702.5  4224.4  33554.0    33517
read      330.4   413.5    74.4   124.6   138.7   259.4   326.1   365.5   394.8   430.5   483.6   633.3  1882.8  6315.8  8752.6  66166.0    66204
read      381.4   615.4    80.4   130.0   144.9   265.2   335.1   380.7   416.0   460.8   531.3   782.6  3144.7  7997.3 14950.1  73764.8    73758
read      491.7   896.5    80.4   139.6   158.4   276.6   334.5   371.8   405.6   469.0   817.6  1715.8  4161.7  8651.2 22059.2  99627.2    99742
read      253.4   135.7    80.4   127.0   140.2   227.9   281.6   311.2   331.5   354.6   383.8   431.4   636.3  1581.3  3452.5 109098.4   109462
read      249.2   120.1    80.4   124.1   137.6   226.2   282.7   312.4   332.2   354.2   381.9   426.2   570.4  1129.5  3211.0  94589.6    94453
read      312.3   310.8    80.4   131.9   147.2   274.8   331.4   362.4   385.5   413.9   454.5   536.1  1168.1  4900.4  8989.8  44086.6    44096
read      390.4   608.4    80.4   134.5   151.0   260.6   319.4   356.0   386.6   432.3   540.4  1085.4  3211.1  7746.5 14244.5 100470.2   100467
read      223.3   108.2    93.8   145.6   156.1   212.0   235.3   249.0   258.7   270.7   287.7   316.3   494.2  1561.6  3074.7   8630.8     8576
read      338.4   535.8    74.4   126.1   140.0   262.0   325.2   362.0   389.1   422.1   467.9   584.2  2084.3  8275.7 14411.3  59431.0    59359
read      227.5   174.2    93.8   142.3   152.5   206.9   231.6   245.7   255.4   269.1   287.1   319.9   751.3  2394.1  7384.9   7626.6     7614
read      351.1   539.2    80.4   127.0   141.1   265.8   332.9   372.9   402.7   440.2   499.4   677.1  2201.5  7833.4 16587.4  60201.6    60329
read      287.7   192.6    80.4   127.5   140.8   266.4   321.7   350.7   371.6   396.7   429.6   488.2   834.1  2530.9  4705.8  43936.8    43762
read      329.0   478.2    80.4   124.8   138.5   257.3   321.7   360.0   388.0   421.8   467.4   577.6  1893.9  7607.8 13562.0  66981.2    67038
read      277.8   187.6    86.8   132.9   147.8   262.9   303.9   325.1   341.2   361.1   387.2   432.9   754.5  2674.7  5523.3  26156.2    26095
read      361.1   545.9    80.4   126.0   140.6   258.5   327.7   371.1   403.2   443.6   504.0   735.7  2694.6  7763.7 12196.4  71084.2    71173
read      539.8  1029.9    80.4   149.2   169.8   271.6   325.0   365.0   402.8   479.5   982.9  2168.9  5665.1 12030.6 15995.6 109139.2   109276
read      235.2   105.5    86.8   139.5   153.0   227.2   255.1   270.5   281.6   294.3   312.6   342.2   466.1  1384.4  3029.4  13082.8    13150
read      332.0   404.8    80.4   126.9   140.8   265.4   332.2   370.6   399.1   434.3   488.3   628.8  1739.5  6083.4  9710.0  61167.2    61250
read      398.4   700.0    80.4   130.7   146.3   261.6   330.9   378.0   416.0   465.0   549.5   944.1  3242.7  9210.7 15845.7  84271.6    84472
read      360.6   559.7    80.4   128.7   143.5   259.3   327.1   370.8   403.7   444.8   503.7   683.8  2701.5  7695.6 13593.2  82265.6    82226
read      270.4   124.6    80.4   131.9   146.6   262.1   303.7   325.1   340.6   359.9   385.4   429.7   619.8  1502.8  2698.6  27532.2    27671
read      488.6   883.2    74.4   140.5   158.9   271.9   341.2   398.5   455.8   557.4   823.9  1563.2  4240.8 11119.9 18235.9  98882.4    98736
read      380.9   643.9    80.4   134.2   150.4   255.9   312.3   345.4   371.9   407.6   477.6   974.4  3325.4  7677.5 16799.1 106433.6   106314
read      261.6   178.2    80.4   128.2   141.8   231.4   286.0   315.3   335.7   359.0   388.5   436.6   759.3  2360.6  5142.5 105148.4   105027
read      246.4   111.9    74.4   123.9   137.2   223.1   279.4   310.0   330.4   353.1   381.0   424.2   546.0  1009.2  2428.2  96954.2    96867
read      248.8   115.8    80.4   123.9   137.3   226.6   283.9   313.8   333.7   356.0   383.5   426.0   546.1   989.1  3024.4  89617.0    89493
read      293.2   256.8    80.4   126.8   140.4   261.9   318.5   348.9   371.1   397.7   433.3   500.2   988.4  3871.5  7724.5  50511.4    50538
read      269.9   164.2    80.4   135.5   150.2   257.0   294.2   314.2   328.9   346.0   371.1   419.6   728.1  2063.6  4322.5  22136.8    22083
read      303.2   299.8    80.4   127.8   141.3   266.7   326.4   358.6   381.5   408.0   443.7   511.0  1089.6  4398.7  8722.8  48562.4    48618
read      439.6   774.4    80.4   135.6   152.8   263.2   330.5   383.5   430.2   496.1   627.7  1270.1  4119.8  8534.5 15374.9  94455.4    94298
read      338.4   425.8    80.4   127.4   141.4   262.6   330.7   370.5   399.7   435.4   488.9   646.8  2018.8  5899.8  9956.0  63723.8    63579
read      301.0   236.3    80.4   127.0   140.7   261.1   325.3   362.7   390.0   422.3   464.7   545.3  1168.4  2903.2  6376.0  64625.0    64573
read      323.6   329.3    74.4   128.0   142.2   260.1   328.7   371.3   403.4   442.7   496.7   622.3  1649.7  4185.0  8463.2  77110.2    77178
read      270.8   132.1    86.8   131.4   145.6   263.7   305.9   327.6   342.9   362.0   386.7   428.9   619.5  1462.3  3777.7  29847.0    29824
read      304.6   248.7    80.4   126.6   140.2   260.7   326.4   364.3   391.6   424.2   467.7   558.7  1278.0  2884.9  7529.7  64212.2    64495
read      263.8   114.9    86.8   137.9   153.1   258.1   293.4   312.4   325.9   342.6   365.6   403.0   551.8  1347.0  3332.5  20894.4    20917
read      345.8   396.1    80.4   131.4   146.7   265.1   337.3   385.6   422.7   468.3   537.7   705.8  1941.4  5382.8  8749.3  85780.4    85651
read      300.3   266.5    80.4   126.0   139.5   260.2   324.4   361.0   387.5   418.9   460.0   538.8  1088.2  3497.4  7672.9  61841.8    61935
read      288.2   164.4    80.4   127.3   140.8   266.3   325.7   358.0   380.6   406.8   441.4   503.4   813.5  1976.0  3142.1  50275.2    50216
read      311.3   289.9    80.4   126.5   140.2   257.2   325.2   366.1   395.8   431.9   481.3   584.4  1411.4  3702.4  7740.9  72201.0    72251
read      317.4   307.8    80.4   127.1   141.2   259.4   326.7   367.4   397.6   433.9   484.6   595.0  1561.2  3511.7  7907.5  71815.4    71798
read      261.8   675.6    86.8   137.5   152.2   253.0   287.4   305.7   318.4   335.6   358.0   396.5   549.4  1402.3  3596.4  19675.4    19701
read      269.0   136.6    86.8   133.5   148.4   261.8   300.5   320.2   335.8   353.6   377.1   422.4   586.5  1626.4  4012.8  25121.0    24952
read      344.4   421.2    80.4   129.0   144.0   263.7   334.6   381.1   416.8   460.8   526.8   695.4  2006.5  6060.5 11590.5  81811.2    81838
read      266.0   130.2    80.4   131.7   146.0   260.5   299.7   320.0   335.3   352.7   375.1   415.6   562.1  1522.9  3471.1  26608.2    26648
read      269.4   155.9    86.8   133.9   148.2   259.7   297.5   317.9   333.1   350.0   372.8   416.5   654.5  1867.3  5018.1  24920.8    24837
read      272.0   126.7    86.8   131.6   145.9   265.2   307.8   329.9   345.0   364.9   390.9   434.8   600.9  1445.0  2829.1  29383.6    29420
read      351.2   462.3    80.4   131.7   147.2   251.0   310.9   348.1   380.0   429.0   536.5   859.3  2362.2  6066.1 11519.2 103902.4   103882
read      286.5   248.4    80.4   124.7   138.3   247.7   308.7   341.5   366.0   395.4   435.7   511.0  1013.1  3281.3  7708.2  70306.8    70314
read      310.7   300.4    80.4   125.9   139.5   260.5   326.1   363.2   390.5   423.1   466.1   557.5  1450.1  4298.3  7618.8  61508.8    61679
read      294.4   230.5    80.4   127.4   141.1   266.7   327.0   359.4   382.0   408.2   444.3   508.9   875.0  2914.6  7755.4  49644.0    49557
read      258.3   118.0    80.4   138.9   153.5   252.9   287.1   305.3   318.1   334.4   354.9   389.8   508.9  1295.2  3916.4  19322.4    19325
read      229.7    98.8    86.8   145.6   157.2   221.0   247.6   262.2   272.3   285.9   302.8   331.7   432.8  1113.5  4227.2   9133.2     9128
read      367.1   459.3    80.4   134.8   151.0   265.3   337.6   392.1   436.5   494.7   583.2   808.0  2307.2  6449.5  9427.7  94735.4    94933
read      269.4   121.2    86.8   135.8   150.7   262.8   302.0   321.7   337.5   355.6   378.6   419.4   578.1  1414.5  3268.4  24319.4    24327
read      316.9   339.0    74.4   126.4   140.4   258.5   326.1   367.3   397.6   433.8   483.3   585.5  1504.4  4546.0  9380.5  71783.4    71896
read      366.1   488.0    74.4   133.2   149.2   264.7   337.8   390.8   433.1   487.3   570.6   783.8  2376.3  6652.8 12359.8  93758.0    93771
read      258.7   126.9    86.8   136.8   151.7   252.6   287.1   305.2   317.6   333.6   353.8   390.0   516.1  1766.7  3879.0  20554.6    20452
read      283.5   151.8    80.4   128.5   142.6   268.2   323.3   351.6   371.5   395.7   427.3   481.1   689.5  1734.6  3732.4  42269.6    42338
read      324.2   325.7    80.4   126.7   141.0   260.9   330.3   372.7   403.4   440.8   494.3   622.9  1673.1  3969.3  7865.0  72575.2    72627
read      339.8   370.7    80.4   128.3   142.9   262.2   334.1   380.2   415.4   459.5   525.3   698.6  1980.6  4317.2  9004.3  80607.0    80603
read      291.3   192.1    80.4   127.1   140.9   266.3   326.1   358.5   380.9   405.8   438.9   500.8   895.6  2549.6  4152.6  49026.8    49049
read      366.1   451.1    80.4   133.1   149.2   265.8   339.3   391.7   433.8   489.3   575.3   806.8  2336.8  6118.7  9050.2  92126.4    92305
read      295.6   223.0    74.4   126.5   140.3   262.8   324.3   358.9   383.7   413.5   453.6   526.2  1017.5  2759.5  6856.7  56918.6    56889
read      323.1   319.3    80.4   128.0   142.3   261.2   330.6   373.6   406.3   446.5   502.2   629.3  1543.1  4043.5  8019.7  78175.0    78036
read      320.5   364.9    80.4   126.3   140.4   259.4   326.2   366.6   396.6   432.3   481.8   589.5  1603.6  5077.9  9506.9  71435.0    71583
read      326.7   333.2    74.4   127.5   141.6   263.0   332.9   375.5   406.7   446.0   500.7   632.5  1629.8  4263.1  8098.0  72827.2    72609
read      321.9   373.6    80.4   131.2   146.3   244.3   301.6   335.9   362.4   397.8   466.1   724.4  1806.1  5238.2  8827.5 107238.4   107382
read      256.8   634.1    80.4   123.4   137.5   230.7   287.7   316.2   335.9   358.4   386.9   432.2   614.4  1775.1  4153.7  86488.6    86530
read      253.8    90.7    86.8   144.0   159.6   249.5   281.0   297.3   310.3   324.3   343.2   373.8   469.6  1070.4  2447.8  16483.8    16550
read      336.4   353.9    80.4   129.9   144.9   262.6   334.5   382.3   418.5   462.5   526.5   688.8  1765.2  4758.6  8530.8  84332.4    84534
read      316.1   287.9    74.4   126.6   140.6   260.2   328.3   370.0   400.7   437.8   490.2   602.0  1472.2  3415.9  7672.8  72718.2    72631
read      303.2   316.8    74.4   126.7   140.7   268.6   329.0   361.7   385.0   412.3   450.0   520.5  1032.0  3718.0 13662.9  49293.2    49291
read      313.5   269.1    80.4   126.4   140.5   265.2   332.5   371.3   399.7   433.5   480.7   587.8  1366.1  3204.3  7704.3  61968.4    62175
read      335.9   358.0    80.4   128.1   143.1   263.8   334.8   379.9   414.9   457.6   519.3   671.2  1838.5  4507.4  8201.1  79908.0    80213
read      250.9   106.8    86.8   140.4   155.3   245.8   277.3   294.3   307.0   320.6   340.7   373.6   485.6  1025.5  3746.6  16502.4    16566
read      306.8   258.9    80.4   126.3   140.9   269.1   332.7   368.6   394.4   424.8   465.1   546.3  1137.8  3402.9  7782.1  54110.0    53985
read      251.3   180.7    74.4   123.4   136.8   223.2   277.8   307.8   328.0   350.7   379.0   425.6   614.3  2192.7  7025.1 101976.4   101949
read      241.7    75.2    80.4   133.9   148.4   243.2   273.5   289.3   299.9   313.0   329.3   354.0   403.4   559.6  1858.0  24003.0    24076
read      249.6   103.3    74.4   124.7   138.0   245.1   294.1   315.8   330.6   346.4   367.8   398.2   462.9   626.1  2788.2  52606.2    52574
read      248.3   107.2    74.4   126.3   139.7   226.2   279.7   309.6   330.1   353.0   381.5   426.3   555.6   960.9  1842.8 106325.0   106271
read      247.0   138.5    80.4   124.3   137.7   222.8   276.1   306.2   326.4   349.1   377.0   420.3   549.1  1484.2  3985.2 105154.0   105451
read      245.3   111.7    80.4   122.5   135.6   224.6   282.8   312.0   331.3   352.6   378.3   417.3   507.8   868.8  3176.0  85876.2    86087
read      247.5    86.2    80.4   132.2   146.6   249.7   282.8   298.9   310.9   323.7   341.6   369.1   427.2   603.6  2472.5  28981.8    29108
read      242.0   104.5    74.4   123.2   136.4   220.8   275.0   304.9   324.8   346.8   373.9   414.4   509.0   769.5  1550.2 100907.0   101115
read      246.1   108.1    74.4   121.9   134.8   228.2   287.1   314.7   332.9   352.9   376.7   413.9   498.4   784.0  2792.1  74479.6    74326
read      244.1   100.2    80.4   121.9   134.8   226.7   285.2   312.6   330.7   350.6   374.2   409.5   487.0   677.6  2216.4  75737.6    75832
read      241.8   100.9    74.4   122.7   135.7   220.7   276.7   306.5   326.2   347.5   373.4   412.2   505.0   768.8  1790.0  94988.6    94901
read      228.8    81.9    74.4   137.8   151.5   226.1   252.5   266.6   275.7   288.3   303.1   326.7   386.5   626.7  2360.1  15776.0    15809
read      248.1    99.3    80.4   132.2   146.5   249.9   283.8   300.4   312.4   325.6   342.6   369.3   427.0   574.4  3751.3  28938.6    28874
read      249.4    98.8    74.4   125.0   138.2   244.9   293.7   315.5   330.4   346.4   367.9   399.1   464.1   614.8  2479.4  51818.2    51882
read      249.8   104.8    80.4   131.2   145.0   251.8   286.7   303.9   315.8   330.3   346.8   374.0   436.0   612.0  3731.3  32555.0    32653
read      253.4   100.4    80.4   127.9   141.2   249.1   294.0   315.6   331.0   348.1   371.2   406.7   489.1   647.6  2330.9  41648.6    41676
read      251.8   114.8    74.4   123.8   137.4   238.4   294.0   319.4   336.9   356.9   381.5   419.6   503.5   679.3  3478.5  62855.6    63019
read      246.4   117.8    74.4   125.1   138.4   224.3   279.0   308.6   328.5   350.6   377.6   420.2   535.2  1112.8  2263.7  99091.4    99164
read      251.9    96.0    80.4   127.2   140.5   250.0   294.3   314.9   329.3   345.0   366.5   398.3   468.3   625.7  2007.7  47085.2    47055
read      244.0   101.7    74.4   121.1   134.2   235.1   287.6   310.4   325.4   342.5   364.4   397.0   470.7   635.9  2155.4  62359.6    62394
read      256.8   178.2    74.4   124.3   138.1   228.9   284.4   313.7   333.8   356.7   385.7   432.7   631.6  2568.7  5706.7  98446.4    98519
read      249.8    88.6    80.4   131.6   146.6   250.3   285.5   302.8   315.0   329.6   346.8   375.3   441.3   621.3  2199.1  32055.0    32122
read      251.8    99.3    74.4   125.4   139.5   248.1   292.9   313.6   328.1   344.4   366.9   400.0   477.7   820.2  2788.9  49356.4    49464
read      237.5    78.7    74.4   132.7   147.8   237.4   265.7   280.3   291.1   304.2   320.4   348.7   420.6   618.2  2420.4  24119.4    24034
read      248.7   116.8    74.4   121.9   135.2   231.0   287.0   313.5   331.3   351.3   376.6   419.0   538.6  1053.5  3008.9  77325.8    77363
read      248.3   111.8    74.4   124.4   137.9   228.3   284.0   312.3   331.1   352.1   378.4   421.6   540.4   957.4  2607.3  91888.4    91698
read      248.6   101.2    80.4   129.1   142.3   250.6   287.0   304.4   316.3   331.1   348.9   379.3   454.1   627.8  3093.5  38948.4    38997
read      247.2   102.0    80.4   123.9   137.3   228.7   285.6   313.3   331.8   352.4   377.7   418.3   521.7   797.7  1625.7  86094.4    86028
read      248.2   121.4    80.4   124.4   137.5   228.5   286.0   314.0   332.7   353.1   377.6   416.7   512.9   983.0  4092.4  83187.8    83012
read      227.4    66.6    86.8   137.9   151.8   225.5   250.4   264.0   273.0   285.4   300.0   326.1   394.0   576.9  2010.8  15035.2    15024
read      251.0   109.1    80.4   126.6   139.7   245.0   294.9   316.6   331.6   347.6   369.3   401.3   472.0   667.0  2680.0  56434.2    56640
read      248.2   120.2    74.4   124.8   138.3   227.6   282.6   311.2   330.3   351.5   377.8   420.9   539.8   941.0  3264.8  97243.8    97362
read      246.9   121.6    80.4   126.4   139.6   225.4   277.6   306.2   325.4   346.8   373.5   416.8   548.3  1138.8  2697.9 107690.4   107412
read      246.1    94.4    74.4   123.5   136.4   235.6   290.2   313.8   329.5   346.3   368.7   400.9   473.8   659.8  1491.3  65163.0    65030
read      246.8   116.5    74.4   123.2   136.4   229.5   286.1   313.1   330.8   350.1   373.7   410.3   499.6   925.7  3759.0  79338.0    79278
read      250.3    93.3    74.4   126.6   139.9   248.8   293.3   313.6   327.5   343.3   364.3   395.1   461.2   594.3  2178.7  47610.8    47544
read      248.6   130.2    80.4   126.2   139.5   226.0   279.1   308.5   328.3   350.6   378.4   423.1   562.4  1154.0  4112.2 105260.0   105368
read      247.2    99.7    80.4   123.9   137.3   240.9   291.6   313.7   328.5   344.5   365.7   397.3   466.9   610.9  1496.9  58016.8    58181
read      245.8   101.9    74.4   123.0   136.1   239.7   289.4   310.8   324.7   340.9   361.8   393.4   463.8   649.5  3127.9  56967.4    56960
read      223.8    70.5    86.8   137.8   151.4   221.6   245.7   258.9   268.6   279.9   294.8   318.7   379.0   565.2  2277.6  14919.6    14849
read      245.7   114.8    80.4   122.7   136.0   235.6   288.9   312.5   328.2   345.0   367.0   399.2   470.6   612.0  3349.4  63654.4    63672
read      249.7   111.8    74.4   123.9   137.8   246.2   290.3   310.8   324.6   341.3   363.1   396.2   479.4   947.4  1812.6  48299.6    48289
read      230.2    84.2    86.8   142.7   156.5   225.1   251.3   265.7   275.1   288.5   305.2   333.1   399.9   591.5  2675.7  11859.0    11797
read      221.4    61.5    86.8   141.1   153.8   216.7   241.2   254.7   265.4   276.6   292.8   317.9   378.2   569.6  1931.2  10800.4    10781
read      249.7    96.1    80.4   125.6   138.9   246.5   293.3   314.4   329.1   345.2   366.7   397.8   465.2   609.4  2002.1  49529.0    49362
read      255.8   126.8    80.4   126.6   140.5   232.3   286.9   316.0   336.4   360.0   390.0   437.5   611.2  1359.4  3112.1 102112.4   102119
read      252.1    95.6    80.4   127.0   140.5   251.0   296.1   316.4   330.7   346.2   367.5   398.1   462.7   580.8  2011.2  46379.8    46213
read      247.4   111.8    74.4   124.1   137.6   225.3   281.0   310.7   330.5   352.7   380.7   423.8   540.5  1068.9  2340.4  97248.2    97025

Total QPS = 58156.9 (69788264 / 1200.0s)

Total connections = 64
Misses = 0 (0.0%)
Skipped TXs = 0 (0.0%)

RX 17237700714 bytes :   13.7 MB/s
TX          0 bytes :    0.0 MB/s
Warning! Detected max cpu usage > 95%
CPU Usage Stats (avg/min/max): 99.84%,1.51%,100.00%
