Random waveform, supplied seed
Total number of intervals = 240 (6927, 52892, 98921, 61129, 40613, 53226, 38560, 103465, 104758, 94759, 37799, 8296, 69443, 12517, 43591, 20430, 93758, 10485, 16518, 83230, 5484, 55611, 20774, 96726, 32442, 73039, 74055, 51197, 59442, 35654, 78747, 42212, 52488, 36950, 16762, 79473, 61431, 87172, 108181, 80515, 37149, 13444, 72057, 70041, 90162, 52082, 24258, 72013, 58012, 45398, 50177, 34504, 66010, 73937, 55020, 53235, 97743, 5419, 14764, 7451, 48208, 16149, 78989, 18886, 75954, 44409, 16431, 85707, 58253, 103867, 21604, 90401, 84467, 99700, 32052, 18173, 67789, 51929, 83850, 18614, 29315, 108090, 27024, 49907, 9150, 34328, 51881, 14569, 81517, 78694, 93409, 39093, 18729, 70818, 21942, 91810, 39588, 40957, 62645, 15539, 107672, 32954, 58866, 23739, 54701, 60706, 72350, 58661, 34912, 103268, 38703, 83358, 57408, 86837, 33517, 66204, 73758, 99742, 109462, 94453, 44096, 100467, 8576, 59359, 7614, 60329, 43762, 67038, 26095, 71173, 109276, 13150, 61250, 84472, 82226, 27671, 98736, 106314, 105027, 96867, 89493, 50538, 22083, 48618, 94298, 63579, 64573, 77178, 29824, 64495, 20917, 85651, 61935, 50216, 72251, 71798, 19701, 24952, 81838, 26648, 24837, 29420, 103882, 70314, 61679, 49557, 19325, 9128, 94933, 24327, 71896, 93771, 20452, 42338, 72627, 80603, 49049, 92305, 56889, 78036, 71583, 72609, 107382, 86530, 16550, 84534, 72631, 49291, 62175, 80213, 16566, 53985, 101949, 24076, 52574, 106271, 105451, 86087, 29108, 101115, 74326, 75832, 94901, 15809, 28874, 51882, 32653, 41676, 63019, 99164, 47055, 62394, 98519, 32122, 49464, 24034, 77363, 91698, 38997, 86028, 83012, 15024, 56640, 97362, 107412, 65030, 79278, 47544, 105368, 58181, 56960, 14849, 63672, 48289, 11797, 10781, 49362, 102119, 46213, 97025)
Average QPS expected = 58167
Timestamp start: 1778444463516
Timestamp end: 1778445663859

#type       avg     std     min      p5     p10     p50     p67     p75     p80     p85     p90     p95     p99    p999   p9999      QPS   target
read      217.2    61.9    93.8   149.0   159.1   211.6   233.1   245.5   253.7   265.3   279.0   301.5   360.0   621.6  2129.6   6861.4     6927
read      255.6    95.7    74.4   130.9   144.6   251.7   299.8   320.8   335.8   352.3   372.7   403.3   470.5   592.5  1941.7  52608.8    52892
read      250.0    99.6    80.4   129.0   142.7   231.2   284.8   313.2   332.5   354.2   380.6   421.3   511.7   732.2  1440.9  99121.0    98921
read      285.7   233.0    74.4   126.9   141.3   256.7   314.2   344.1   366.6   393.4   429.1   493.1   831.3  3293.0  7857.4  61366.0    61129
read      307.0   590.0    80.4   128.5   143.2   269.8   324.1   353.3   373.5   397.3   429.7   488.7  1100.1  6407.3 11407.5  40452.6    40613
read      292.5   229.8    80.4   124.9   139.3   263.3   323.1   356.3   379.5   405.6   442.0   505.6   919.3  3130.8  7341.5  53164.2    53226
read      275.6   160.0    74.4   127.6   141.3   263.6   313.0   338.4   356.4   376.6   402.9   450.3   652.2  2101.0  5435.1  38508.2    38560
read      439.1   806.7    80.4   138.0   154.6   258.5   320.3   372.3   421.9   495.1   641.9  1233.1  3973.1  9469.5 17399.3 103301.2   103465
read      422.0   726.3    74.4   135.9   152.6   256.6   320.3   376.4   429.7   504.6   657.1  1200.5  3364.2  9193.4 16301.2 104760.0   104758
read      367.0   618.0    80.4   129.5   144.3   250.5   316.1   363.4   400.8   448.7   522.3   779.2  2715.4  8583.9 14874.4  94930.4    94759
read      268.7   141.8    80.4   127.6   141.1   260.6   308.5   332.6   349.2   369.1   394.5   433.8   555.3  1774.9  4240.8  38026.0    37799
read      213.5    92.4    93.8   139.8   149.8   201.7   226.4   239.5   249.7   261.9   276.9   305.3   462.1  1288.3  2962.7   8270.8     8296
read      298.2   366.9    80.4   121.6   135.0   248.0   312.4   348.6   375.3   406.4   447.3   522.8  1258.6  5307.0 12753.3  69398.4    69443
read      234.4   117.0    86.8   140.0   153.2   224.9   252.7   268.0   278.8   292.5   310.4   339.9   474.2  1551.2  2765.2  12458.2    12517
read      278.7   226.7    80.4   125.7   139.1   259.8   312.6   339.9   359.3   381.4   409.4   456.8   665.9  3230.8  8287.3  43451.0    43591
read      255.0   112.8    80.4   133.1   147.8   247.8   283.7   302.5   316.0   333.1   355.7   393.8   538.7  1437.3  2946.1  20421.2    20430
read      365.6   596.5    80.4   129.4   144.0   245.4   309.2   354.2   390.9   434.9   500.2   736.1  3047.1  7870.6 12289.4  93615.0    93758
read      224.4    79.5    86.8   140.9   152.5   217.6   244.4   259.1   269.9   283.0   299.1   324.9   400.3  1044.9  2098.3  10490.2    10485
read      243.1   100.0    86.8   135.7   150.2   235.7   267.9   285.0   296.7   311.9   331.2   363.5   477.2  1360.1  2431.3  16492.8    16518
read      332.4   483.3    74.4   126.4   140.1   244.5   309.6   350.6   381.8   418.2   466.6   580.9  2486.4  7132.4  9278.6  83116.2    83230
read      211.4   106.6    93.8   141.1   150.7   199.4   223.3   236.1   246.7   258.4   273.5   301.3   403.1  1272.1  3143.1   5488.2     5484
read      289.9   270.8    80.4   121.5   135.5   255.4   314.2   345.6   368.8   395.6   430.3   493.0  1019.1  4011.2  7834.1  55322.2    55611
read      257.7   123.6    80.4   133.6   149.6   248.5   284.6   303.9   317.5   334.9   357.5   395.9   559.0  1659.9  3311.4  20935.8    20774
read      377.4   625.3    80.4   127.8   143.1   251.4   318.7   369.6   410.8   462.7   546.9   845.4  2902.8  8385.2 14272.3  96566.4    96726
read      276.3   169.4    80.4   130.9   145.5   266.0   311.1   334.5   350.6   370.1   396.2   437.8   618.6  2205.9  7068.5  32379.2    32442
read      355.5   479.4    74.4   130.2   145.0   263.9   332.6   375.2   407.5   447.8   503.4   657.0  2652.2  6606.9  8806.1  72964.8    73039
read      350.6   489.2    80.4   130.6   145.7   265.4   335.5   379.2   412.2   452.4   507.1   644.0  2322.0  7503.6 11936.7  73924.6    74055
read      299.5   229.4    80.4   129.9   144.0   270.9   331.6   364.7   388.2   415.5   451.5   512.9   911.0  3096.3  7833.6  51204.0    51197
read      282.5   236.8    80.4   123.5   136.8   254.4   315.5   347.8   371.1   397.7   431.8   489.1   772.0  3262.5  8155.6  59392.4    59442
read      272.8   165.4    80.4   127.8   141.3   261.4   308.0   332.0   348.4   368.5   394.4   435.8   622.2  2385.7  4301.6  35645.2    35654
read      327.6   465.4    74.4   124.9   138.7   245.8   312.0   352.8   383.0   418.7   465.7   573.0  2297.4  7066.8 10051.4  78700.4    78747
read      277.1   189.2    80.4   126.2   139.9   260.9   313.5   340.1   359.0   380.1   406.4   453.2   635.2  2854.7  4930.4  42091.8    42212
read      289.9   298.7    80.4   122.8   136.8   257.2   315.4   346.5   368.3   393.0   424.1   473.9   909.7  4825.5  8045.8  52751.2    52488
read      279.0   177.2    74.4   125.8   140.6   263.4   312.5   338.3   357.0   378.6   407.8   461.7   720.1  2348.1  5208.4  36905.6    36950
read      250.6   119.6    80.4   138.0   152.5   243.0   276.7   294.3   307.8   322.6   343.6   375.5   490.0  1404.3  5045.6  16878.8    16762
read      327.5   481.8    74.4   123.9   138.0   244.1   309.6   349.6   379.5   414.9   461.5   566.3  2344.7  7436.5 10162.3  79194.2    79473
read      290.6   251.9    80.4   124.5   138.2   255.5   318.3   352.7   376.8   404.1   440.5   505.3   914.1  3566.2  7678.3  61389.0    61431
read      338.7   539.4    74.4   127.0   141.0   246.2   310.8   352.9   385.3   423.6   474.6   604.8  2395.3  7918.6 13862.4  87034.4    87172
read      454.4   763.3    80.4   140.7   159.0   262.9   327.4   386.6   444.5   535.4   737.1  1435.5  3655.2  8856.6 14743.6 108160.2   108181
read      337.5   471.1    74.4   125.9   140.0   248.1   315.7   358.3   390.3   428.8   484.2   647.0  2309.4  6552.2 11850.5  80415.0    80515
read      272.3   170.3    80.4   128.3   141.7   262.5   309.9   333.8   350.5   370.6   396.8   436.7   589.8  1721.7  7420.3  37060.4    37149
read      244.0   141.9    80.4   138.5   151.4   230.6   261.8   278.0   290.4   305.3   324.8   361.0   607.2  1774.2  4496.0  13439.0    13444
read      311.9   384.3    74.4   124.1   137.9   249.9   316.3   354.7   382.9   416.5   462.4   572.0  1519.8  6100.4 11662.8  72035.4    72057
read      304.2   369.7    80.4   123.5   137.4   249.4   314.8   352.2   379.3   411.0   453.7   540.5  1367.0  4962.4 13766.6  70238.0    70041
read      369.3   592.2    80.4   130.1   145.7   258.6   325.5   371.4   407.3   452.6   520.4   739.8  2777.4  8039.0 13093.2  90103.0    90162
read      283.6   226.3    80.4   125.3   139.0   259.3   318.3   349.1   370.7   396.0   428.1   482.4   741.1  2830.5  8004.1  52031.0    52082
read      251.0   100.4    80.4   130.3   144.0   248.8   284.7   302.8   315.5   331.3   351.2   385.6   480.4   983.3  2361.1  24322.2    24258
read      317.5   395.8    80.4   123.6   137.3   250.3   317.0   355.9   384.1   418.2   465.0   591.5  1688.0  5307.2 13125.1  71925.0    72013
read      278.0   171.8    80.4   123.1   136.9   253.9   316.3   348.9   371.9   398.1   431.4   486.4   743.3  1857.5  5987.4  57918.0    58012
read      271.9   145.0    80.4   125.4   138.8   259.0   312.5   339.6   358.8   380.5   407.8   455.4   627.1  1720.6  3728.0  45505.0    45398
read      281.2   197.0    80.4   125.1   138.5   258.5   315.5   344.9   366.0   390.3   421.7   473.0   840.4  2371.3  7122.4  50240.6    50177
read      282.7   245.1    80.4   127.4   141.2   260.6   306.0   329.0   345.1   365.5   392.6   439.5   997.8  3491.1  7275.9  34395.8    34504
read      305.4   335.1    80.4   123.1   136.8   252.0   317.9   354.9   381.6   413.0   456.4   554.6  1365.3  4847.1  9244.9  66039.4    66010
read      299.9   285.2    74.4   122.3   135.6   246.6   313.7   352.5   380.8   414.1   458.9   555.8  1414.4  3461.2  7960.3  74024.0    73937
read      280.1   178.6    80.4   124.0   137.8   256.4   316.1   347.6   370.1   395.2   427.6   483.2   803.1  2225.9  3892.8  54974.6    55020
read      275.8   222.3    80.4   123.2   136.4   252.5   310.4   340.0   360.9   384.7   414.7   463.8   713.8  2931.8  8076.1  53554.0    53235
read      379.6   654.0    80.4   130.0   145.2   247.4   308.7   353.6   390.4   436.4   506.4   787.6  3319.3  8100.4 12599.6  97560.8    97743
read      202.4   110.1   101.3   138.2   145.9   187.7   210.0   223.1   232.5   244.7   260.5   287.1   400.7  1847.1  3189.6   5422.4     5419
read      244.7   121.7    86.8   138.6   152.4   234.7   266.5   283.8   295.8   311.3   331.0   364.8   532.4  1471.3  3932.7  14763.8    14764
read      238.9   272.6    93.8   143.4   154.2   214.1   241.9   256.7   268.3   281.7   298.9   332.7   653.3  4596.5  8510.8   7433.8     7451
read      292.9   247.8    80.4   126.9   140.6   264.1   322.2   353.6   375.7   401.9   435.5   496.6   927.0  3402.0  8036.9  48107.2    48208
read      255.3   119.2    86.8   141.4   156.1   246.7   280.3   297.8   311.5   327.1   347.0   383.4   523.0  1380.6  3225.5  16167.6    16149
read      348.6   492.4    80.4   127.4   141.8   255.4   323.7   368.6   401.6   443.1   503.3   693.0  2415.6  7195.6 12203.9  78925.2    78989
read      269.5   130.1    80.4   145.7   162.2   259.0   293.6   312.9   326.8   343.6   367.4   406.4   606.7  1684.9  3175.0  18864.6    18886
read      357.9   747.4    80.4   126.4   141.3   255.6   320.1   361.8   392.6   429.7   482.2   631.9  2901.9  7919.0 15457.1  75781.8    75954
read      287.4   203.2    80.4   127.9   143.2   266.1   319.3   347.8   368.5   392.5   423.7   476.2   790.3  2602.2  6899.5  44429.4    44409
read      255.8   135.4    80.4   140.3   155.6   245.1   278.3   296.0   310.0   325.6   346.0   383.9   550.3  1788.6  5050.8  16412.0    16431
read      357.1   679.4    74.4   128.6   144.3   258.4   324.4   368.9   402.2   444.9   505.6   697.0  2596.8  7406.4 10921.8  85908.4    85707
read      324.0   402.9    80.4   128.7   143.5   270.2   334.5   370.4   397.2   428.8   470.4   555.8  1482.5  5993.1 11670.2  58218.2    58253
read      427.6   717.3    80.4   138.6   155.4   260.2   323.3   379.1   431.6   506.1   645.1  1185.9  3489.3  8236.4 13953.4 103804.8   103867
read      258.4   130.3    80.4   135.5   150.2   252.7   288.4   307.1   319.8   336.3   357.5   393.5   512.9  1396.1  3602.1  21608.0    21604
read      385.8   682.1    74.4   130.8   145.8   250.5   314.8   361.3   398.6   446.9   521.9   839.3  3404.3  8447.6 15584.4  90695.2    90401
read      344.5   577.3    80.4   126.7   140.4   246.5   311.5   353.0   385.2   423.7   474.6   597.5  2746.4  8370.1 12525.2  84348.8    84467
read      390.3   664.4    74.4   134.9   151.0   255.6   320.8   372.5   415.4   468.9   560.7   905.0  3076.0  8963.7 17268.9  99636.6    99700
read      269.2   128.0    80.4   131.1   145.3   262.8   307.2   330.0   345.4   364.9   389.2   427.6   553.5  1454.0  3890.9  31986.0    32052
read      251.8   116.1    86.8   137.3   151.2   244.6   277.4   294.9   308.1   322.4   344.1   381.0   528.3  1558.5  2978.6  18256.2    18173
read      323.8   414.4    80.4   127.7   141.1   255.5   322.8   362.0   390.5   424.1   468.9   575.6  1742.2  6152.8 10287.2  67583.4    67789
read      284.8   203.6    80.4   125.6   138.9   259.4   318.7   350.2   372.2   398.0   431.0   488.6   821.4  2881.3  6582.4  52123.6    51929
read      359.9   590.6    80.4   128.3   142.3   248.4   314.0   358.1   391.8   432.9   493.3   694.5  2930.7  7893.2 14308.6  83690.0    83850
read      247.9   112.8    86.8   136.3   150.3   241.5   273.3   290.4   302.5   317.2   337.3   371.0   519.0  1294.2  3424.2  18574.8    18614
read      266.1   126.1    80.4   130.6   144.5   259.0   299.7   320.2   335.8   353.6   376.7   420.8   612.3  1481.5  2870.9  29297.6    29315
read      489.8   811.5    80.4   145.6   164.5   266.6   327.4   388.1   464.0   617.5   982.0  1599.7  3755.0  8996.7 16072.5 107982.0   108090
read      265.4   152.3    80.4   131.2   145.0   256.3   295.4   315.2   329.7   345.9   369.3   407.3   638.1  1937.3  4311.3  27170.4    27024
read      284.9   242.1    74.4   125.6   138.6   259.5   317.4   347.4   368.8   393.5   425.2   478.9   799.2  3076.4  8329.0  49917.4    49907
read      218.2    91.6    86.8   140.6   151.3   208.9   234.4   249.1   259.4   271.4   288.2   314.7   401.3  1192.2  3079.1   9114.6     9150
read      275.4   141.8    86.8   130.2   144.0   264.9   311.7   335.5   352.5   372.3   399.0   446.5   667.5  1667.7  3357.0  34136.6    34328
read      283.0   174.8    80.4   126.3   139.6   260.5   319.7   351.1   372.9   398.4   431.0   488.5   784.0  2164.4  4256.6  51876.6    51881
read      245.2   118.1    86.8   139.8   153.5   236.8   268.1   284.9   296.5   311.6   330.6   362.7   504.3  1340.6  4029.8  14554.0    14569
read      347.1   539.3    80.4   127.3   141.2   248.5   314.2   356.5   389.1   427.9   482.4   642.8  2616.6  7695.6 12609.1  81542.2    81517
read      337.0   477.6    80.4   126.5   140.3   248.2   315.4   357.1   388.1   425.0   475.4   615.9  2415.1  7071.7  9702.5  78645.4    78694
read      373.2   600.1    80.4   130.8   145.9   252.3   318.1   366.3   403.6   451.0   520.8   782.2  2961.1  7829.2 14370.8  93638.0    93409
read      274.0   135.2    80.4   128.9   142.2   263.5   313.7   339.3   357.6   378.0   404.0   450.4   630.9  1545.8  3061.3  39136.4    39093
read      252.4   107.0    86.8   138.3   152.7   247.5   280.4   297.2   310.4   324.9   344.6   378.0   501.9  1192.5  3258.4  18780.6    18729
read      317.6   383.4    74.4   123.1   136.8   249.9   316.1   355.8   384.8   419.1   464.9   578.9  1844.4  5206.1  9893.9  70620.2    70818
read      263.0   135.4    86.8   135.9   151.5   254.4   290.5   310.0   323.3   340.4   363.0   400.5   575.9  1957.9  3884.3  21937.2    21942
read      393.9   827.7    80.4   133.4   150.5   267.2   337.8   389.3   430.5   484.1   576.6   895.7  2802.6  8396.8 19123.9  91686.2    91810
read      280.9   198.4    80.4   127.9   141.8   262.6   313.0   339.2   357.8   379.1   406.2   457.1   767.8  2540.1  7408.9  39476.6    39588
read      277.2   169.7    80.4   127.4   140.7   262.3   313.6   339.9   358.4   379.1   405.4   454.8   716.2  2214.7  4214.4  40984.4    40957
read      292.2   261.8    80.4   123.9   137.4   255.3   319.1   354.9   380.5   409.5   448.5   516.5   991.1  3385.3  8319.0  62611.6    62645
read      243.6   115.9    86.8   138.6   151.9   234.7   265.8   282.3   294.2   309.1   328.0   362.3   503.4  1547.1  3954.9  15547.2    15539
read      552.5   990.0    80.4   150.6   171.3   275.2   331.5   378.4   434.5   593.1  1254.7  2018.8  6016.9  9709.3 17279.3 107641.2   107672
read      279.7   239.1    80.4   129.6   143.8   258.6   301.7   323.8   340.1   359.9   386.0   431.3   955.9  3465.0  7752.8  32916.0    32954
read      291.8   281.2    80.4   124.6   138.1   255.3   317.1   351.0   374.8   402.1   437.6   503.5   970.8  4079.0  8473.3  59003.8    58866
read      261.7   132.7    86.8   133.8   148.2   254.0   290.5   310.1   323.5   340.7   363.8   401.2   573.6  1889.7  3718.5  23690.4    23739
read      291.3   249.1    80.4   126.1   139.5   259.0   319.2   352.0   374.5   401.0   434.9   495.0   971.1  3572.9  7412.1  54669.2    54701
read      298.3   396.4    80.4   124.9   138.2   254.8   317.8   352.5   377.0   404.9   442.0   507.1  1090.0  4584.3 17956.6  60649.2    60706
read      324.6   470.3    80.4   125.5   139.0   252.6   318.9   358.9   387.9   422.2   467.1   569.1  1880.4  6785.6 14085.3  72337.0    72350
read      320.9   342.3    80.4   125.6   139.8   262.1   327.1   364.2   391.4   424.4   469.0   592.4  1696.0  4317.5  8838.1  58639.6    58661
read      278.1   180.0    80.4   130.1   144.4   263.8   311.0   335.3   352.5   372.6   399.3   447.3   680.0  2682.8  5178.0  34807.2    34912
read      458.1   789.6    74.4   138.6   156.1   261.2   324.4   381.7   440.3   535.8   756.5  1456.9  3970.4  9120.8 16378.4 103173.8   103268
read      285.3   202.5    80.4   128.4   143.3   265.2   316.6   343.6   363.4   386.3   416.1   466.9   781.6  2967.0  5716.8  38794.2    38703
read      428.4   733.8    80.4   131.4   148.6   273.9   347.8   399.7   441.6   500.2   613.6  1189.5  3384.6  9701.5 15361.7  83232.0    83358
read      332.9   396.3    74.4   126.7   141.8   271.1   338.0   376.6   404.5   439.6   491.7   620.3  1644.5  5611.5 12060.0  57256.6    57408
read      432.2   759.2    80.4   130.5   147.4   269.2   341.5   394.2   437.3   499.7   626.1  1187.6  3672.2  9734.7 15964.2  86819.4    86837
read      297.5   290.0    80.4   131.5   147.3   271.2   319.8   346.1   365.3   387.8   417.5   468.6   925.0  4233.7  9020.8  33411.8    33517
read      413.2   712.6    74.4   129.1   145.0   272.7   346.2   394.8   431.5   479.4   563.3   956.2  3571.0  8424.6 16414.1  66019.6    66204
read      439.7   747.0    80.4   132.0   148.6   278.4   354.5   404.7   447.1   504.5   618.5  1163.8  3875.3  9331.6 13685.7  73883.8    73758
read      341.8   532.3    80.4   129.5   144.2   245.5   302.8   335.2   360.0   392.9   450.7   687.2  2564.6  7483.4 12079.6  99717.6    99742
read      261.5   175.7    80.4   129.3   143.0   231.6   285.1   314.7   335.3   359.0   389.4   440.3   731.2  2401.4  5093.7 109530.6   109462
read      248.1   131.0    74.4   122.9   136.2   223.7   279.9   309.3   328.6   350.0   376.5   421.2   589.2  1461.5  3194.0  94460.2    94453
read      297.8   249.3    80.4   127.4   142.0   267.6   322.5   353.0   374.7   401.4   436.6   507.9  1015.3  3522.4  8135.1  44160.4    44096
read      502.1   886.3    80.4   142.1   161.9   276.7   344.7   404.1   466.6   575.9   865.9  1649.7  4161.6 10562.0 16602.0 100314.8   100467
read      234.6   171.5    93.8   143.1   154.2   213.9   239.9   254.7   266.9   280.7   298.8   334.7   802.9  2237.5  7376.8   8571.4     8576
read      367.2   671.9    80.4   127.6   141.3   262.9   328.4   367.4   396.2   431.8   487.3   662.8  2944.2  9215.7 20810.7  59390.2    59359
read      234.6   124.0    93.8   149.9   160.7   219.3   244.3   258.5   269.2   282.9   302.7   340.6   608.8  1659.0  3826.0   7628.8     7614
read      315.7   392.1    80.4   126.8   140.7   260.6   324.8   361.7   388.3   420.4   464.7   564.4  1358.3  6142.2 11301.5  60332.2    60329
read      288.2   197.1    80.4   129.2   143.4   265.8   319.7   348.2   369.2   393.9   426.8   486.6   849.0  2462.4  7331.7  43863.8    43762
read      374.1   733.4    80.4   127.6   141.9   262.6   328.3   368.9   399.8   438.7   498.6   675.1  3344.5  8511.0 11087.2  67149.4    67038
read      301.0   337.8    80.4   132.1   147.9   258.1   297.2   318.8   336.1   357.7   390.6   471.9  1655.4  4840.7  7925.8  26182.6    26095
read      370.7   542.3    80.4   125.9   141.5   264.8   333.8   378.6   414.4   459.9   534.1   797.9  2740.1  7342.3 12763.9  71079.8    71173
read      407.8   668.9    80.4   137.9   155.3   260.9   312.6   345.4   373.4   419.4   559.2  1331.0  3264.7  7960.0 15786.8 108890.0   109276
read      234.1   127.9    86.8   138.2   151.1   223.5   251.0   266.3   276.6   291.0   310.4   343.2   519.7  1805.2  4645.9  13173.8    13150
read      354.8   522.8    74.4   126.1   141.3   270.9   338.2   378.9   409.8   449.3   508.6   699.8  2083.8  8072.4 13621.6  61214.6    61250
read      390.7   699.4    80.4   128.3   143.5   257.8   323.6   369.2   404.6   451.4   524.2   814.9  3477.5  8070.0 17611.4  84537.0    84472
read      370.3   679.1    74.4   127.3   141.6   254.0   318.8   362.0   395.2   435.7   495.9   676.1  3176.0  8986.6 17694.8  82128.4    82226
read      273.3   188.8    80.4   129.9   143.8   256.4   295.9   317.2   333.3   352.2   379.1   430.3   851.5  2676.1  4815.1  27652.6    27671
read      446.1   814.5    74.4   136.7   153.3   257.5   319.4   373.3   426.3   500.4   656.0  1330.1  4342.3  9451.3 14970.0  98723.2    98736
read      557.2  1034.7    80.4   150.4   170.6   270.5   327.8   382.3   464.5   718.7  1296.0  1947.1  5122.4 12780.1 20970.5 106157.0   106314
read      279.2   354.4    80.4   127.0   140.3   228.1   281.7   311.8   332.7   357.1   389.8   456.2  1292.8  5720.3 10645.8 105015.8   105027
read      246.4   123.0    80.4   124.6   137.8   223.0   278.5   308.1   327.5   348.7   374.8   418.3   552.2  1188.9  3510.7  96715.6    96867
read      246.3   108.4    80.4   123.2   136.4   225.0   281.6   310.4   329.4   350.2   375.9   419.3   544.9  1041.4  1947.1  89842.0    89493
read      302.5   348.0    80.4   127.2   140.7   260.7   316.0   345.2   367.8   394.8   432.0   508.2  1224.6  6119.7  9280.1  50675.6    50538
read      265.3   147.2    80.4   134.2   149.3   253.3   289.5   308.9   322.2   340.1   364.6   407.6   706.4  1975.7  3442.1  22258.0    22083
read      300.9   329.1    80.4   126.3   139.9   264.3   322.4   354.0   376.5   402.8   439.1   512.9  1073.6  4839.8 11539.1  48534.8    48618
read      341.4   434.0    80.4   131.3   146.3   257.0   324.0   372.4   412.3   461.7   531.9   691.5  2009.0  6157.1 12444.9  94487.2    94298
read      303.0   244.0    80.4   126.0   139.6   260.0   326.1   364.3   392.0   424.6   468.4   569.4  1178.8  2710.3  7460.7  63686.8    63579
read      312.0   303.3    80.4   126.5   139.7   258.3   323.2   361.3   388.8   421.8   465.8   569.9  1539.6  4003.4  7707.7  64686.8    64573
read      315.8   311.0    80.4   126.1   139.9   254.3   321.2   363.5   394.9   432.5   485.8   602.0  1643.3  3594.9  7763.9  77260.4    77178
read      267.8   113.3    80.4   131.4   145.5   262.5   304.8   326.5   342.1   361.5   386.1   427.1   571.1  1152.2  2358.1  29811.4    29824
read      317.6   322.6    80.4   127.6   140.9   261.3   328.5   368.0   396.6   430.9   477.8   590.8  1518.6  3915.7  8643.1  64521.4    64495
read      260.3   107.7    80.4   137.1   151.8   254.9   290.0   308.9   321.6   339.1   361.6   398.7   545.2  1097.8  3174.3  20967.0    20917
read      329.8   364.6    80.4   128.5   142.6   255.7   325.5   371.6   406.5   449.8   509.2   656.7  1782.0  5054.4  8148.7  85531.8    85651
read      293.7   208.1    74.4   125.8   139.3   258.8   322.2   359.0   385.4   416.2   457.5   536.5  1010.0  2501.1  4875.8  62000.0    61935
read      285.0   169.3    80.4   127.2   140.5   263.3   321.2   352.3   373.9   399.5   432.8   494.3   810.1  1925.5  4308.5  50179.0    50216
read      308.6   339.1    80.4   126.1   139.6   253.8   319.9   359.8   389.0   423.4   468.3   559.6  1430.2  4115.6 10930.6  72347.8    72251
read      323.7   376.9    80.4   127.4   140.8   256.7   324.1   365.6   396.3   433.0   485.5   619.0  1704.0  5050.5 10917.6  71591.2    71798
read      254.8   120.1    80.4   136.6   151.6   249.6   283.4   301.0   314.0   329.6   349.4   384.9   500.4  1225.1  4214.5  19612.2    19701
read      266.7   108.6    80.4   134.4   149.8   261.7   300.7   320.8   336.4   354.1   377.0   418.1   560.2  1123.3  2710.6  24944.6    24952
read      324.7   349.1    74.4   127.6   141.7   256.8   325.5   369.8   403.1   443.4   498.9   625.3  1749.4  4273.0  9262.3  81864.6    81838
read      267.3   128.7    86.8   133.3   147.6   260.7   300.8   321.2   337.1   355.2   378.2   420.3   570.6  1446.5  3664.6  26792.8    26648
read      262.8   107.2    86.8   134.4   148.9   258.6   296.5   316.5   331.2   347.3   370.7   409.2   535.1  1068.7  2183.6  24791.6    24837
read      268.1   117.5    80.4   131.1   145.3   262.5   304.9   326.9   342.2   361.1   385.4   427.3   576.9  1125.4  3091.7  29387.4    29420
read      304.0   394.9    80.4   130.5   144.8   240.5   297.7   329.9   353.5   383.5   430.8   569.8  1462.8  6119.3 11985.4 103743.0   103882
read      302.6   334.1    74.4   127.4   140.8   251.2   312.5   345.5   371.0   402.8   450.8   543.0  1409.1  4464.6 11318.5  70338.8    70314
read      309.6   274.6    80.4   124.9   139.3   264.0   329.4   367.8   396.1   429.8   474.6   572.8  1289.3  3397.9  7733.0  61847.2    61679
read      291.1   178.9    80.4   126.8   140.8   266.5   325.7   358.6   381.9   408.9   446.0   514.4   845.6  2240.4  3673.7  49584.2    49557
read      254.5   105.4    86.8   137.4   152.3   248.7   282.2   300.4   313.7   329.3   349.2   385.6   503.8  1345.6  2921.5  19285.6    19325
read      225.3    92.2    93.8   143.7   155.1   216.5   242.0   255.7   266.8   279.1   296.0   327.2   447.4  1002.8  3984.4   9156.0     9128
read      406.8   516.7    80.4   140.3   157.6   277.8   357.6   423.9   484.1   570.1   716.6  1040.1  2459.3  7229.9 10712.9  94475.0    94933
read      266.5   117.2    86.8   135.8   150.2   260.4   298.7   318.5   333.7   351.0   373.9   416.2   559.8  1369.0  3180.2  24340.0    24327
read      330.9   356.6    80.4   129.7   143.8   263.9   337.4   383.5   418.5   461.2   524.5   668.7  1492.9  4744.6 10208.0  71894.6    71896
read      351.7   446.4    80.4   131.7   146.6   258.5   328.0   378.3   419.4   469.4   545.4   732.9  2294.0  6337.8  9297.2  93730.4    93771
read      257.7   109.7    86.8   137.9   152.7   253.2   287.8   306.1   318.8   335.6   357.5   394.8   503.6   895.4  4034.8  20488.2    20452
read      279.3   140.6    80.4   128.8   142.2   264.9   317.8   345.5   365.8   389.5   420.1   470.4   708.0  1397.5  3228.0  42345.2    42338
read      318.4   355.4    74.4   127.4   140.8   256.6   322.6   363.7   393.4   429.0   477.8   583.4  1633.0  4762.0  8623.4  72562.8    72627
read      346.9   385.2    80.4   131.7   146.8   266.5   337.5   385.5   423.0   468.5   538.1   715.0  2008.4  5185.8  8068.0  80554.6    80603
read      288.8   168.1    80.4   128.2   141.6   266.3   323.9   355.1   377.4   403.2   438.4   504.9   849.5  1814.9  4020.1  49071.8    49049
read      346.7   431.6    80.4   131.4   146.4   259.1   328.7   378.3   417.9   465.5   536.0   709.2  2148.7  5838.4  9869.5  92293.6    92305
read      286.9   189.1    80.4   127.0   140.0   258.6   318.9   351.9   375.4   402.7   439.3   504.3   922.3  2350.2  4380.2  57157.4    56889
read      321.2   347.1    80.4   127.9   141.6   254.5   322.3   365.7   398.0   436.8   491.6   618.1  1638.4  4719.1  8131.3  78083.8    78036
read      308.2   268.6    80.4   127.3   140.8   257.0   323.5   363.9   393.7   429.2   475.7   576.7  1376.7  3162.7  7515.6  71403.2    71583
read      311.3   313.4    80.4   127.3   141.1   255.5   322.1   362.8   392.6   427.8   473.6   568.8  1483.5  3997.5  8299.4  72617.6    72609
read      295.2   302.6    80.4   128.8   142.9   235.2   292.1   324.6   348.9   380.6   431.5   591.4  1427.8  3840.3  7997.8 107288.8   107382
read      245.2   116.0    74.4   122.9   135.9   223.0   280.7   309.8   328.8   349.3   374.6   415.3   522.9  1214.5  2827.3  86831.4    86530
read      246.4   104.1    86.8   139.5   154.0   240.9   271.2   287.6   298.8   313.6   333.0   366.1   470.5  1296.5  2887.5  16547.0    16550
read      353.1   437.9    80.4   127.3   142.3   262.3   333.0   381.6   421.0   469.9   547.5   752.5  2277.3  6096.5  9405.9  84484.6    84534
read      318.9   370.5    74.4   123.8   138.1   257.2   321.2   361.0   391.5   428.6   480.5   589.5  1677.8  5220.5  9370.1  72502.8    72631
read      293.7   200.3    80.4   126.5   141.2   266.6   322.6   354.3   376.8   404.0   442.6   520.8   911.7  2750.1  5038.1  49185.4    49291
read      307.2   257.6    80.4   125.7   140.0   263.6   325.8   362.4   389.3   422.7   468.6   574.3  1273.5  3196.9  7447.8  62244.0    62175
read      325.0   351.3    80.4   126.4   140.3   255.5   322.8   366.8   399.7   440.7   499.7   640.3  1719.0  4889.4  7934.0  80286.4    80213
read      248.1    98.6    80.4   139.6   154.4   241.7   272.0   288.7   300.4   315.6   336.5   370.6   496.1  1242.6  2557.9  16578.4    16566
read      298.8   202.1    80.4   125.6   139.9   266.0   326.8   361.2   385.8   415.9   458.2   548.9  1052.3  2335.5  3905.0  53673.0    53985
read      384.0   484.3    74.4   137.2   153.6   267.3   340.3   401.9   458.9   536.3   659.3   941.4  2243.8  6343.2 12368.1 102014.6   101949
read      245.0   142.0    80.4   133.8   148.5   242.5   270.8   285.8   295.8   310.4   329.0   360.8   442.1  1176.1  7731.7  24109.2    24076
read      250.6    95.7    74.4   126.7   140.1   247.6   293.5   314.1   328.2   343.7   365.4   398.1   469.4   619.2  2044.3  52622.0    52574
read      252.1   132.4    80.4   128.2   141.7   230.3   282.4   310.4   329.2   349.8   375.9   420.6   590.5  1383.3  3803.3 106472.6   106271
read      255.6   122.4    80.4   128.5   142.5   233.8   286.8   314.8   333.9   355.3   382.5   429.3   616.8  1316.9  2885.0 105221.2   105451
read      245.3   109.4    74.4   123.1   136.6   228.2   282.4   308.8   325.8   344.2   367.8   402.7   509.7  1178.9  2613.2  86152.0    86087
read      243.4    86.9    80.4   132.6   147.7   244.5   274.0   289.4   299.9   313.5   331.2   361.2   434.3   618.9  2283.0  29054.2    29108
read      258.5   132.6    80.4   127.8   141.9   235.1   289.2   317.2   336.6   359.0   388.0   437.1   653.2  1405.0  3802.0 101007.2   101115
read      249.9   126.6    74.4   122.9   136.8   233.5   287.6   312.6   329.4   347.9   372.1   410.7   523.6  1457.5  4423.8  74342.8    74326
read      253.0   124.3    74.4   124.1   138.1   235.8   291.2   317.1   334.9   354.8   379.7   421.4   536.6  1323.2  3555.4  75818.8    75832
read      272.7   188.9    80.4   126.7   141.3   240.7   296.8   325.8   345.7   370.3   403.6   477.5   902.1  2087.7  6420.4  94850.0    94901
read      226.9   135.9    74.4   136.9   151.1   223.5   247.6   260.9   270.3   282.2   296.9   322.9   393.3   675.2  3937.2  15782.4    15809
read      244.5    90.8    80.4   132.9   148.2   244.6   274.8   290.8   301.9   315.3   333.5   362.8   431.9   640.2  2948.0  28807.6    28874
read      249.7   107.2    80.4   125.0   139.3   247.0   290.1   310.0   323.3   339.7   361.0   394.3   473.3   690.2  4001.6  51856.6    51882
read      244.6    79.0    74.4   129.7   144.3   246.2   279.3   295.5   307.8   320.7   339.9   368.8   433.0   576.3   897.1  32650.2    32653
read      248.6    97.9    74.4   127.8   142.2   248.7   286.3   304.5   316.7   332.0   350.7   382.7   456.4   688.9  2569.6  41520.6    41676
read      248.9    96.0    74.4   123.8   137.7   240.6   291.4   314.4   330.0   346.5   369.5   403.3   489.2   646.0  1269.9  62862.0    63019
read      277.9   216.7    80.4   128.8   143.6   243.2   298.8   328.2   348.4   373.0   407.6   484.3   946.1  2791.1  7852.5  99377.2    99164
read      251.6    98.1    74.4   127.3   141.3   249.6   291.0   311.0   324.7   341.2   363.0   396.8   472.4   693.8  2644.0  46952.0    47055
read      248.4   108.0    74.4   122.4   135.9   238.6   290.2   313.1   328.7   345.8   369.1   404.2   494.8   934.0  2921.0  62475.6    62394
read      264.3   145.1    74.4   129.0   143.5   239.5   294.3   322.7   342.7   366.1   396.5   452.4   691.9  1484.6  3485.4  98743.8    98519
read      248.3    85.5    74.4   130.5   145.2   249.2   282.6   299.5   312.5   327.3   346.1   377.9   451.4   593.1  2115.6  32197.2    32122
read      252.3   107.5    80.4   126.2   140.2   248.8   292.9   313.2   327.4   343.9   366.6   400.7   482.2   749.0  2779.4  49396.6    49464
read      243.0    88.6    80.4   135.0   150.5   242.0   271.0   286.9   297.5   312.5   331.4   362.5   431.2   586.2  1985.0  24058.8    24034
read      246.8   113.4    74.4   122.8   136.4   231.9   287.4   312.7   329.4   347.6   371.6   408.7   498.5   720.1  3023.6  77422.2    77363
read      251.4   132.8    74.4   124.7   138.5   230.5   285.4   313.2   331.6   352.0   377.7   421.0   564.0  1400.3  3437.6  91870.8    91698
read      246.8    88.7    80.4   128.6   142.6   248.7   283.8   300.8   312.9   327.0   345.2   374.2   444.9   593.0  1596.9  38999.2    38997
read      252.6   110.6    74.4   125.2   139.2   234.2   289.9   316.9   335.2   355.8   381.8   425.5   561.5   966.2  1581.1  86168.4    86028
read      250.6   139.3    80.4   123.5   137.4   231.2   287.0   313.5   331.2   350.7   374.8   415.3   529.1  1719.8  4439.6  82874.8    83012
read      230.1    78.7    80.4   139.5   154.1   226.7   251.8   265.6   274.6   287.7   304.0   331.8   401.8   646.8  1980.0  15015.2    15024
read      247.9   100.5    74.4   124.7   138.7   244.6   289.9   310.0   323.2   339.3   359.9   392.5   468.3   630.4  3015.0  56328.6    56640
read      262.2   341.4    80.4   126.6   140.5   235.4   289.4   316.7   335.4   356.9   385.2   435.8   738.2  2086.6  6841.6  97166.6    97362
read      287.9   249.8    80.4   134.4   150.4   252.2   306.0   335.3   356.3   381.4   417.6   499.5   923.9  4028.2  8194.9 107491.4   107412
read      255.8   101.5    80.4   126.0   140.5   245.5   297.1   321.1   338.2   358.0   382.8   422.3   515.2   769.6  1473.2  65021.4    65030
read      253.2   108.6    74.4   124.8   139.0   236.2   292.4   319.2   337.7   358.8   385.2   427.1   533.8   870.5  1894.7  79417.6    79278
read      261.1   116.1    80.4   129.8   144.9   256.6   299.4   319.7   335.0   352.3   374.5   412.5   517.2  1308.1  3149.8  47632.4    47544
read      263.2   176.8    74.4   129.0   143.1   235.3   289.2   317.9   338.0   361.1   390.8   441.0   714.5  2154.2  6988.5 105288.2   105368
read      250.0   106.6    80.4   123.7   137.4   242.7   293.5   316.0   331.6   348.3   370.5   403.4   487.2   726.7  1849.6  58165.0    58181
read      250.0   101.1    74.4   124.8   138.5   243.9   293.1   314.8   329.9   346.1   368.5   401.0   477.7   688.7  3040.4  56806.2    56960
read      229.7    89.6    80.4   139.8   154.2   225.9   251.2   265.4   274.7   287.7   303.4   329.4   395.2   641.2  2474.7  14875.0    14849
read      248.4    97.3    80.4   123.5   136.9   238.3   292.6   316.4   332.4   349.9   372.5   407.1   481.2   605.9  1150.0  63612.4    63672
read      251.5    93.4    74.4   127.0   140.5   250.2   294.2   314.5   328.6   344.3   365.8   397.7   465.6   626.4  2027.6  48243.2    48289
read      231.2   102.5    80.4   142.9   156.6   225.4   251.5   266.2   275.9   289.5   306.6   333.9   397.6   638.9  3248.7  11871.8    11797
read      221.8    80.7    86.8   141.2   153.9   216.7   240.3   253.7   264.4   275.5   292.3   317.7   387.2   599.7  3601.3  10833.6    10781
read      249.3    93.4    74.4   125.4   139.2   247.5   291.3   311.4   325.1   341.6   362.8   395.1   466.4   620.4  1824.3  49298.0    49362
read      252.3   131.5    80.4   126.8   140.5   229.8   283.2   311.9   331.5   353.5   381.1   425.8   576.7  1337.5  3885.9 102318.8   102119
read      250.0    94.8    80.4   126.4   140.1   248.6   291.1   311.2   324.8   340.9   362.3   395.0   466.9   615.2  1870.1  46227.2    46213
read      258.5   118.8    80.4   129.3   143.7   237.6   291.8   319.8   339.5   362.0   390.5   435.1   590.5  1199.2  2641.9  96811.6    97025

Total QPS = 58153.9 (69784640 / 1200.0s)

Total connections = 64
Misses = 0 (0.0%)
Skipped TXs = 0 (0.0%)

RX 17236807068 bytes :   13.7 MB/s
TX          0 bytes :    0.0 MB/s
Warning! Detected max cpu usage > 95%
CPU Usage Stats (avg/min/max): 99.85%,7.58%,100.00%
