#type       avg     std     min      p5     p10     p50     p67     p75     p80     p85     p90     p95     p99    p999   p9999      QPS   target       ts_start         ts_end
read      241.4    94.4    80.4   138.3   152.0   227.1   264.0   285.0   300.3   319.0   343.8   387.5   497.5   709.0  3026.6  29923.5    30000  1778895400499  1778895415653
read      245.5   103.8    80.4   139.3   153.7   230.5   267.6   288.9   304.7   323.4   349.2   395.2   509.4   812.0  3464.5  30076.5    30001  1778895417169  1778895432296
read      248.0   106.6    80.4   137.6   152.8   233.4   271.8   293.8   310.4   329.9   356.3   400.6   505.1   712.2  3551.1  30036.3    30002  1778895433808  1778895448909
read      239.9    99.0    80.4   135.0   148.8   224.9   262.7   284.8   301.1   320.3   346.3   391.9   494.7   681.9  3052.4  30015.9    30003  1778895450424  1778895465526
read      242.6   104.7    74.4   130.0   146.7   229.0   267.3   289.2   305.3   324.4   350.8   396.2   499.7   694.4  3765.4  30033.0    30004  1778895467039  1778895482140
read      241.3   103.6    74.4   134.2   149.1   227.1   264.1   285.5   301.3   320.0   345.9   391.9   494.6   766.9  3176.6  30022.1    30005  1778895483653  1778895498755
read      258.6   186.2    80.4   134.3   148.5   226.3   265.8   289.8   308.5   332.5   368.2   445.5   905.2  2838.9  5998.0  29956.5    30006  1778895500268  1778895515369
read      263.8   258.1    80.4   126.8   139.7   217.3   257.4   282.4   301.7   326.8   367.6   475.3  1152.3  3626.5  6333.0  30012.2    30007  1778895516884  1778895531986
read      255.9   232.6    80.4   126.5   140.0   214.3   252.0   275.5   294.8   319.5   362.4   461.3  1050.1  3321.8  6211.0  30038.0    30008  1778895533500  1778895548607
read      260.6   232.8    80.4   128.7   141.6   219.8   259.2   283.6   302.6   327.9   368.2   461.9  1060.4  3312.1  6229.6  30014.0    30009  1778895550122  1778895565224
read      254.1   216.5    80.4   128.1   141.0   214.7   252.0   275.0   294.0   319.1   358.7   448.2  1042.1  3139.6  5982.6  29997.9    30010  1778895566738  1778895581843
read      262.0   230.5    80.4   128.8   141.9   220.6   261.3   286.2   305.9   331.9   371.4   460.9  1065.9  3230.4  6136.6  30026.5    30011  1778895583356  1778895598458
read      272.0   248.5    80.4   131.7   146.6   227.5   268.1   292.9   313.4   341.2   387.3   494.3  1090.2  3321.7  6338.3  29995.5    30012  1778895599971  1778895615075
read      542.2   903.0    80.4   149.2   168.9   284.4   355.8   412.2   463.7   541.5   684.9  3073.3  4367.2  6395.3  8059.8  29881.7    30013  1778895616588  1778895631689
read      286.4   268.9    80.4   140.6   156.4   236.8   276.0   301.0   320.8   348.7   394.2   520.9  1183.6  3851.2  6318.9  30016.0    30014  1778895633202  1778895648307
read      293.9   287.1    86.8   142.6   158.2   240.2   281.0   306.7   327.8   358.3   407.7   549.6  1233.8  3994.3  6344.4  30025.0    30015  1778895649821  1778895664922
read      283.8   265.4    86.8   140.0   154.4   234.3   274.3   299.4   319.5   346.7   392.3   515.5  1201.9  3730.2  6280.4  29979.5    30016  1778895666436  1778895681539
read      296.0   295.7    80.4   142.7   158.8   241.3   281.7   307.5   328.6   358.1   406.5   556.6  1255.8  3991.5  6362.3  30010.5    30017  1778895683052  1778895698151
read      265.3   218.4    80.4   141.8   157.3   236.8   273.5   295.5   312.9   334.8   366.1   422.6   707.8  3709.8  6296.2  30034.1    30018  1778895699663  1778895714764
read      244.9   104.0    80.4   131.8   147.7   230.1   269.2   291.7   308.7   329.2   357.3   402.5   505.2   742.3  3038.4  30095.2    30019  1778895716277  1778895731378
read      246.5   100.1    80.4   140.0   154.5   232.0   268.2   289.6   305.8   325.5   353.4   400.1   500.9   690.7  3286.3  29969.0    30020  1778895732890  1778895747991
read      343.5   368.5    80.4   143.6   159.0   245.9   293.7   327.2   359.4   413.2   554.3   923.5  2372.7  3405.1  4938.2  30021.3    30021  1778895749503  1778895764605
read      327.9   381.2    74.4   144.0   160.2   244.0   288.3   316.7   341.6   379.4   460.0   813.6  2224.1  4501.4  8663.7  30016.8    30022  1778895766121  1778895781224
read      248.0   100.4    80.4   141.8   156.5   234.2   270.0   290.6   306.2   325.1   351.9   398.3   501.4   715.8  3297.2  29995.5    30023  1778895782738  1778895797847
read      246.8    96.2    80.4   142.2   156.8   233.5   268.9   289.4   304.6   322.5   348.4   394.5   495.4   668.6  3190.8  29957.1    30024  1778895799362  1778895814463
read      246.7   101.5    74.4   140.1   154.6   232.9   269.0   290.1   306.0   324.9   351.8   397.8   498.7   712.0  3287.7  30044.1    30025  1778895815976  1778895831080
read      243.6    99.6    80.4   133.0   149.2   229.6   266.9   288.7   305.0   324.3   351.4   397.7   501.3   733.9  3091.8  29978.8    30026  1778895832593  1778895847693
read      241.3   116.9    80.4   135.8   150.8   228.5   263.2   283.1   297.4   316.2   341.3   385.5   483.6   699.7  4216.9  30071.8    30027  1778895849207  1778895864308
read      244.1   100.5    80.4   136.1   151.6   231.6   267.3   287.9   303.3   321.2   346.7   391.6   492.3   687.8  3414.4  30012.5    30028  1778895865821  1778895880923
read      239.3   137.2    80.4   132.7   148.0   225.8   261.5   281.9   296.6   315.4   340.7   383.4   481.5   679.0  6188.8  29988.7    30029  1778895882435  1778895897537
read      239.4   115.1    80.4   132.7   147.6   223.8   260.1   281.6   297.4   317.7   345.3   394.8   501.4   794.4  3672.1  30068.7    30030  1778895899050  1778895914153
read      245.0   140.6    80.4   133.8   148.6   225.9   263.4   285.8   302.5   322.6   351.7   402.3   543.8  1922.0  5215.1  30074.7    30031  1778895915665  1778895930827
read      252.9   154.9    80.4   138.5   153.6   232.8   269.9   291.6   308.1   328.4   357.6   410.8   584.9  2213.4  5676.9  29977.0    30032  1778895932343  1778895947587
read      242.9   100.3    74.4   136.5   152.0   230.6   266.1   286.3   301.2   319.3   344.5   387.9   482.6   666.2  3344.1  29979.3    30033  1778895949100  1778895964202
read      239.1    94.6    80.4   135.3   150.9   227.1   261.3   281.0   295.5   314.0   338.8   380.9   469.9   644.4  3533.3  30057.2    30034  1778895965715  1778895980817
read      244.5    98.5    74.4   137.2   152.5   231.7   267.5   288.2   303.5   321.5   347.4   392.9   492.8   693.8  3204.8  30037.5    30035  1778895982331  1778895997433
read      239.5    96.2    80.4   134.1   149.2   227.3   262.5   282.7   297.0   315.9   341.4   385.3   487.0   665.4  3098.2  30046.5    30036  1778895998946  1778896014046
read      241.1   106.9    80.4   135.1   149.8   227.3   263.6   284.6   300.0   319.1   345.3   389.8   483.0   714.3  3968.2  30038.1    30037  1778896015558  1778896030662
read      235.1    95.7    80.4   136.0   149.6   222.9   255.9   274.9   289.9   307.7   331.9   372.5   464.0   747.0  3417.9  29981.3    30038  1778896032175  1778896047286
read      242.7    98.3    80.4   135.6   151.9   230.9   266.1   286.4   301.2   319.0   343.8   385.3   473.6   636.6  3230.9  30058.5    30039  1778896048798  1778896063903
read      240.9    97.7    80.4   135.8   150.9   228.3   263.5   283.9   298.6   317.3   342.6   385.6   480.7   681.2  3439.7  29990.7    30040  1778896065416  1778896080516
read      243.0    97.1    80.4   134.5   150.7   230.7   266.6   287.1   302.2   320.3   345.9   390.8   487.7   669.0  3121.7  30150.4    30041  1778896082029  1778896097138
read      238.5    96.0    80.4   136.6   150.6   225.7   260.1   280.3   295.3   314.2   339.7   381.5   471.8   682.1  3059.7  30057.7    30042  1778896098651  1778896113751
read      243.7   105.0    80.4   135.0   150.8   230.4   266.8   288.1   304.0   322.8   348.9   393.8   488.1   653.1  3766.3  30078.5    30043  1778896115264  1778896130366
read      242.1    97.1    80.4   134.6   150.4   229.3   264.4   284.8   299.8   318.6   344.3   390.2   505.8   683.5  3102.2  30154.5    30044  1778896131880  1778896146980
read      242.6   106.6    80.4   135.5   150.9   228.5   264.3   285.3   300.7   319.7   346.2   392.5   500.3   710.2  3833.3  30106.7    30045  1778896148494  1778896163602
read      244.0    93.7    80.4   139.2   153.5   230.3   266.0   287.1   302.8   321.7   348.4   394.2   492.1   673.2  2881.8  30004.1    30046  1778896165114  1778896180218
read      241.9    96.3    80.4   136.9   151.8   229.7   265.0   285.2   299.8   318.0   343.0   386.0   478.6   657.9  3012.7  30111.9    30047  1778896181731  1778896196837
read      243.8   106.5    80.4   136.2   152.1   230.8   266.3   286.8   301.9   320.0   345.6   391.1   493.5   686.5  3606.7  30062.3    30048  1778896198351  1778896213452
read      243.7    95.7    74.4   138.0   153.0   230.5   266.5   287.4   303.0   321.2   347.3   391.5   483.1   672.6  3065.7  30142.3    30049  1778896214964  1778896230071
read      240.6    97.1    80.4   132.1   147.5   227.2   263.8   285.5   301.4   320.3   346.4   392.2   488.5   639.8  2866.0  30002.5    30050  1778896231584  1778896246684
read      234.4    94.6    74.4   133.5   147.6   221.9   255.7   275.5   291.0   309.7   334.9   374.9   466.7   632.8  3291.7  30003.8    30051  1778896248197  1778896263300
read      241.9    96.7    80.4   136.1   151.3   229.3   264.2   284.4   299.2   317.9   343.8   388.7   494.3   646.9  3208.5  30057.9    30052  1778896264813  1778896279918
read      245.3   101.1    74.4   140.4   155.0   231.6   266.9   287.7   303.4   322.3   349.2   394.0   490.4   645.9  3123.8  30048.4    30053  1778896281430  1778896296531
read      245.8    96.4    74.4   140.0   155.3   233.2   268.8   289.5   305.0   323.3   348.5   390.8   481.6   650.7  3147.9  30111.1    30054  1778896298043  1778896313148
read      241.9   107.0    80.4   134.5   149.7   227.8   264.3   285.6   301.4   320.6   347.1   391.9   488.1   744.4  3870.3  30004.2    30055  1778896314661  1778896329763
read      239.7   102.8    74.4   132.4   148.1   225.5   262.1   283.7   299.3   319.0   345.2   389.8   484.4   684.0  3682.0  30100.7    30056  1778896331276  1778896346377
read      238.2    99.9    80.4   132.3   147.9   224.4   260.2   281.5   296.8   316.5   342.7   387.1   480.9   641.8  3470.8  29951.6    30057  1778896347891  1778896362997
read      239.4   101.1    80.4   136.1   150.5   226.3   261.0   281.0   295.8   314.9   341.0   385.2   479.8   674.3  3620.4  30047.6    30058  1778896364508  1778896379610
read      247.5   101.9    80.4   143.0   157.1   233.3   269.0   289.8   305.6   324.6   351.8   397.3   499.9   683.4  3200.5  30079.5    30059  1778896381124  1778896396229
read      243.2    95.1    80.4   139.4   153.7   230.3   265.2   285.4   300.2   318.7   344.6   390.0   493.2   680.2  3142.5  30080.9    30060  1778896397742  1778896412844
read      245.9    94.4    80.4   141.3   155.8   231.9   267.7   288.8   304.8   324.2   351.4   396.0   494.8   679.5  2832.3  30114.5    30061  1778896414357  1778896429459
read      244.5    97.4    80.4   139.8   155.4   231.6   265.8   285.9   300.8   319.4   345.5   389.9   485.8   694.3  3290.7  30063.0    30062  1778896430973  1778896446077
read      243.6    97.7    80.4   138.2   152.8   229.3   265.3   286.9   303.1   322.7   350.0   394.5   487.9   653.2  3143.7  30117.5    30063  1778896447590  1778896462693
read      255.2   123.0    74.4   137.1   153.1   234.9   274.2   297.7   316.2   339.2   370.5   424.8   593.5  1401.8  3624.7  30054.3    30064  1778896464207  1778896479308
read      251.5   107.3    80.4   138.0   153.6   235.5   273.8   296.1   313.6   334.9   364.7   414.9   533.2   774.6  3558.3  30043.1    30065  1778896480822  1778896495927
read      250.6   103.6    80.4   137.2   154.2   235.5   272.6   294.4   311.2   331.7   360.6   409.5   530.4   746.1  3169.9  30013.9    30066  1778896497441  1778896512545
read      249.1    97.6    74.4   140.1   155.7   234.4   270.9   292.4   308.9   329.1   357.4   403.2   513.3   737.2  3078.2  30050.7    30067  1778896514061  1778896529162
read      239.6    95.4    80.4   139.1   153.2   227.4   260.8   280.3   294.9   313.5   338.4   378.9   468.5   635.5  3476.6  30109.3    30068  1778896530678  1778896545780
read      241.1    97.5    80.4   135.9   151.0   227.4   262.4   283.0   298.1   317.6   344.1   391.4   498.6   697.7  3010.3  30113.5    30069  1778896547294  1778896562397
read      237.3   103.0    74.4   133.1   149.1   224.9   258.4   277.7   292.5   311.0   336.2   378.8   482.2   668.9  3847.8  30086.9    30070  1778896563909  1778896579016
read      244.3   101.6    80.4   138.8   153.3   230.5   266.4   287.3   302.8   321.7   348.7   393.8   488.9   694.0  3392.6  30092.7    30071  1778896580530  1778896595634
read      243.0   190.1    74.4   134.9   150.1   226.7   263.2   284.8   300.7   320.5   348.6   395.9   496.7   727.9  6326.3  29981.3    30072  1778896597148  1778896612253
read      247.2   105.6    80.4   140.8   155.5   232.3   268.4   289.7   305.9   325.7   353.7   398.8   499.3   779.7  3763.4  30141.3    30073  1778896613767  1778896628871
read      249.2   104.8    80.4   139.4   155.3   234.3   270.7   292.2   308.7   328.7   356.9   403.3   510.9   775.9  3525.3  30088.7    30074  1778896630385  1778896645485
read      245.6    96.2    80.4   137.3   152.6   230.7   268.3   290.5   307.3   327.6   355.8   400.8   496.7   666.2  3097.5  30083.5    30075  1778896646998  1778896662101
read      243.9   100.6    74.4   135.1   150.6   229.2   267.3   289.5   306.3   326.6   354.4   398.1   490.0   666.8  3197.7  30010.8    30076  1778896663615  1778896678725
read      245.5    99.6    74.4   137.4   153.5   232.1   268.1   288.9   304.5   323.1   349.7   395.4   498.3   684.2  3347.9  30119.5    30077  1778896680238  1778896695341
read      244.4   151.9    80.4   133.6   149.9   228.3   265.6   287.6   304.3   324.3   353.0   400.0   499.1   728.6  4745.0  30094.8    30078  1778896696854  1778896711966
read      243.3    99.2    74.4   131.2   147.5   227.9   266.3   289.0   306.0   326.6   356.0   403.8   509.2   690.1  2914.9  30071.5    30079  1778896713480  1778896728581
read      250.2   105.7    74.4   140.8   157.3   235.6   271.6   292.8   309.1   329.0   357.3   403.8   509.3   725.5  3709.0  30122.7    30080  1778896730094  1778896745195
read      241.1   100.6    74.4   135.8   150.8   227.0   263.1   284.6   300.4   319.8   346.6   391.4   478.5   656.2  3352.1  30096.3    30081  1778896746708  1778896761811
read      241.8    92.9    74.4   135.3   150.1   229.0   265.0   285.8   301.2   320.1   346.4   391.6   490.9   659.0  2761.8  30089.8    30082  1778896763324  1778896778427
read      242.2   101.7    74.4   133.0   149.1   227.9   265.0   287.0   303.3   322.9   350.6   396.4   491.6   673.0  3668.1  30126.7    30083  1778896779941  1778896795044
read      244.5   112.0    80.4   137.6   151.7   227.7   264.3   286.2   302.6   322.7   352.7   402.8   523.7   922.2  3763.0  30049.9    30084  1778896796557  1778896811658
read      241.7   103.6    74.4   129.3   145.6   226.9   264.0   285.8   302.0   321.6   350.0   400.6   523.0   734.8  3127.5  30117.9    30085  1778896813175  1778896828281
read      237.1    93.6    74.4   134.5   148.7   222.6   257.9   278.8   294.8   314.8   341.6   387.2   488.1   674.6  2936.8  30012.3    30086  1778896829795  1778896844906
read      247.4   105.7    74.4   137.8   153.6   233.3   270.1   291.5   307.8   327.3   354.9   400.3   498.5   713.7  4091.5  30137.4    30087  1778896846426  1778896861553
read      254.7   116.2    80.4   142.3   158.2   238.7   276.3   298.7   315.9   337.4   366.7   414.4   520.0   867.5  4092.2  30119.3    30088  1778896863068  1778896878178
read      269.4   234.2    86.8   137.7   152.0   229.2   268.0   291.8   310.8   335.4   372.3   459.1  1055.4  3360.5  6227.8  30101.2    30089  1778896879693  1778896894798
read      263.8   241.0    80.4   131.1   146.0   223.7   261.1   283.8   301.3   324.7   363.0   450.0  1079.5  3390.4  6235.1  30035.5    30090  1778896896313  1778896911418
read      255.7   231.3    80.4   130.1   143.2   216.4   253.0   275.6   293.8   317.0   352.3   430.9  1050.0  3249.2  6250.7  30008.1    30091  1778896912934  1778896928042
read      265.2   240.6    80.4   132.7   147.4   224.1   262.1   285.6   303.9   328.2   366.9   460.6  1075.7  3289.0  6302.7  30119.5    30092  1778896929558  1778896944666
read      257.7   222.8    80.4   132.9   146.8   219.1   254.4   276.3   294.2   317.1   353.9   440.4  1042.2  3180.7  6179.4  30135.5    30093  1778896946182  1778896961309
read      261.1   217.9    80.4   133.6   147.7   222.6   259.9   283.2   301.3   325.0   364.1   451.9  1045.3  3138.2  6059.9  30014.6    30094  1778896962824  1778896977934
read      294.3   358.3    80.4   133.5   147.9   225.1   265.4   291.4   313.1   343.5   397.3   583.1  2020.2  4359.7  6433.6  30116.0    30095  1778896979448  1778896994559
read      293.3   284.0    80.4   142.7   158.7   241.4   282.6   308.6   329.4   358.9   405.4   541.3  1222.5  3959.9  6438.7  30160.7    30096  1778896996072  1778897011180
read      286.2   283.7    80.4   141.0   156.0   234.2   273.2   297.9   318.0   345.6   392.2   520.3  1230.5  3938.5  6356.1  30061.8    30097  1778897012694  1778897027805
read      294.3   287.8    80.4   142.5   158.0   241.1   282.6   308.6   329.4   358.3   404.7   545.8  1246.8  3940.3  6316.5  30045.7    30098  1778897029318  1778897044421
read      285.5   269.4    86.8   139.2   154.1   234.7   275.1   301.5   321.8   351.5   399.0   533.2  1206.5  3659.4  6401.7  30129.9    30099  1778897045939  1778897061047
read      286.7   278.6    80.4   140.5   154.9   233.7   274.4   299.6   319.7   348.4   396.5   536.8  1227.4  3820.5  6325.0  30100.0    30100  1778897062561  1778897077668
read      266.6   219.4    80.4   138.4   153.5   233.0   272.0   295.6   314.4   339.0   374.4   444.0   893.8  3450.6  6266.4  30125.5    30101  1778897079183  1778897094292
read      248.4    98.7    80.4   140.0   155.1   234.1   270.8   292.2   308.6   328.6   356.5   401.2   504.9   715.8  3133.5  30080.9    30102  1778897095806  1778897110917
read      251.1   102.6    80.4   142.1   157.3   235.0   272.4   294.6   311.8   333.0   362.3   409.6   515.1   796.5  3266.9  30080.5    30103  1778897112433  1778897127536
read      251.7   104.2    80.4   140.0   156.1   235.8   273.6   295.9   313.3   334.5   363.7   411.7   519.1   730.7  3183.3  30084.3    30104  1778897129049  1778897144154
read      250.8   102.7    74.4   141.7   157.2   235.5   272.8   295.0   312.1   333.0   361.5   406.0   508.5   686.5  3076.1  30085.6    30105  1778897145668  1778897160776
read      259.1   160.4    80.4   136.6   152.0   234.5   274.4   298.5   317.2   341.4   375.1   435.3   629.2  2307.3  5125.1  30137.0    30106  1778897162292  1778897177399
read      253.5   216.5    80.4   127.1   140.0   212.9   251.2   275.3   295.1   320.1   361.4   457.3  1028.5  3107.2  6203.2  30220.3    30107  1778897178914  1778897194018
read      263.6   213.2    80.4   131.9   146.2   222.7   262.3   288.0   308.8   337.3   384.8   486.8  1005.3  3149.8  6041.9  30115.3    30108  1778897195532  1778897210638
read      260.3   219.4    80.4   132.1   146.4   220.1   257.8   282.3   301.7   328.2   371.2   466.0   994.2  3224.0  6132.0  30089.5    30109  1778897212152  1778897227255
read      258.0   221.1    86.8   133.3   147.0   218.7   254.4   276.9   295.1   318.6   357.5   445.5  1040.9  3163.4  6092.8  30113.3    30110  1778897228770  1778897243886
read      284.5   271.6    80.4   134.9   149.8   232.2   275.0   303.2   325.8   358.7   411.6   549.5  1174.7  3673.1  6349.4  30145.5    30111  1778897245400  1778897260504
read      501.5   585.8    86.8   167.8   194.4   367.1   468.4   534.7   589.1   662.4   780.0  1056.0  3962.8  6221.0  7358.1  30113.3    30112  1778897262021  1778897277132
read      346.0   184.8    80.4   155.2   176.7   306.9   380.9   428.0   463.4   506.6   565.3   655.6   860.3  1386.1  4962.1  30072.9    30113  1778897278646  1778897293749
read      325.1   156.3    80.4   157.9   178.9   295.0   354.5   392.4   422.3   459.8   509.0   589.5   760.5  1175.3  4212.3  30150.5    30114  1778897295265  1778897310370
read      311.2   149.6    80.4   153.2   173.9   283.3   338.2   372.8   400.5   434.7   482.2   561.2   728.4  1127.8  4296.2  30141.5    30115  1778897311884  1778897326986
read      246.5   227.7    80.4   136.3   152.1   230.6   267.1   288.7   304.9   324.7   353.2   401.3   506.8   751.7  4000.4  30165.0    30116  1778897328500  1778897343603
read      246.1   100.9    80.4   139.6   154.5   230.5   266.8   288.7   305.4   325.7   354.6   401.3   503.0   741.1  3337.7  30095.8    30117  1778897345118  1778897360224
read      245.9   113.6    80.4   136.2   151.6   230.2   267.7   289.8   306.6   327.0   355.6   401.9   504.5   852.1  4124.1  30151.7    30118  1778897361738  1778897376845
read      245.4   102.9    80.4   135.4   151.2   230.9   268.7   290.7   307.3   327.0   354.0   397.9   496.4   725.1  3045.7  30153.1    30119  1778897378360  1778897393473
read      244.1   122.8    80.4   133.5   149.4   227.5   264.9   287.1   303.6   323.7   353.1   402.2   512.6   893.9  5076.7  30160.4    30120  1778897394989  1778897410103
read      243.1   107.6    74.4   134.7   150.8   228.2   264.0   285.0   300.7   320.1   347.3   396.5   506.6   776.5  4285.4  30123.3    30121  1778897411619  1778897426729
read      243.0   105.9    80.4   137.8   152.3   228.0   264.3   285.9   302.0   321.1   347.6   394.1   494.3   758.9  3428.1  30221.1    30122  1778897428243  1778897443364
read      246.9   101.3    80.4   137.9   153.2   232.4   269.1   290.7   307.1   326.9   354.9   401.2   509.1   747.2  3156.0  30090.2    30123  1778897444880  1778897459989
read      244.5   103.4    80.4   133.1   149.2   228.9   267.0   289.6   306.9   327.9   357.5   404.4   506.1   708.1  3140.1  30102.1    30124  1778897461504  1778897476612
read      242.5   100.4    80.4   137.0   152.1   229.1   263.9   284.1   299.1   318.2   344.4   391.2   501.6   687.5  3185.5  30080.4    30125  1778897478127  1778897493234
read      240.0    91.8    80.4   137.5   152.1   227.6   262.2   282.1   296.6   315.2   340.2   381.6   475.0   644.8  2579.8  30167.8    30126  1778897494748  1778897509851
read      242.8   106.9    80.4   137.5   152.4   229.1   264.3   284.9   300.1   318.8   344.7   389.8   490.4   702.3  3488.1  30183.0    30127  1778897511365  1778897526472
read      249.5   118.5    74.4   136.4   152.7   233.8   271.1   293.0   309.8   330.3   359.6   410.2   531.6   810.4  3715.7  30110.6    30128  1778897527985  1778897543091
read      243.2   103.8    80.4   137.7   152.0   228.4   264.0   284.8   300.2   319.5   346.5   395.8   508.3   748.8  3355.8  30146.7    30129  1778897544605  1778897559707
read      245.7   104.8    80.4   135.8   151.9   231.3   267.7   288.8   304.5   323.4   351.2   400.9   508.7   791.2  3533.1  30161.3    30130  1778897561220  1778897576325
read      244.9   103.0    80.4   138.4   153.0   229.6   266.0   287.5   303.6   322.8   351.0   398.6   506.7   796.1  3380.8  30150.8    30131  1778897577840  1778897592945
read      245.2   103.1    74.4   137.4   152.4   230.3   267.5   289.3   305.7   325.7   353.5   398.3   498.3   714.1  3606.1  30187.9    30132  1778897594459  1778897609563
read      340.6   414.7    80.4   143.6   161.4   255.5   305.8   340.5   372.2   421.2   508.5   718.3  2280.6  5021.1  7322.2  30190.1    30133  1778897611076  1778897626178
read      289.6   286.0    80.4   138.2   152.9   234.3   276.9   304.3   326.9   359.4   411.7   551.9  1271.6  3788.5  6375.1  30151.3    30134  1778897627693  1778897642797
read      263.3   230.9    80.4   133.5   148.5   224.4   261.0   283.1   300.4   323.0   360.8   447.2  1066.4  3217.0  6237.0  30170.0    30135  1778897644312  1778897659416
read      261.1   222.2    74.4   134.2   149.0   223.3   259.2   281.6   298.4   320.3   356.1   442.9  1042.5  3217.7  6212.3  30260.8    30136  1778897660930  1778897676034
read      258.4   228.2    74.4   132.0   145.9   218.8   255.5   277.8   295.5   318.7   356.5   441.8  1044.4  3214.4  6211.9  30136.8    30137  1778897677548  1778897692652
read      266.8   229.1    80.4   132.5   147.5   226.8   265.9   289.2   307.7   332.2   371.2   463.8  1079.4  3187.7  6026.9  30134.4    30138  1778897694166  1778897709270
read      262.7   244.5    80.4   132.1   145.8   221.5   259.5   282.4   300.0   323.5   361.1   445.7  1086.8  3383.3  6335.8  30138.5    30139  1778897710784  1778897725892
read      322.6   428.0    80.4   141.9   158.8   245.2   288.7   316.3   340.0   373.8   435.7   623.2  2349.3  5305.2  7498.1  30161.3    30140  1778897727407  1778897742516
read      301.2   302.4    80.4   141.3   157.4   245.6   288.2   314.5   336.4   366.8   417.0   568.1  1350.2  3982.7  6372.9  30052.6    30141  1778897744029  1778897759132
read      302.3   307.9    74.4   142.4   159.5   246.3   288.6   314.8   336.5   366.7   417.3   565.8  1320.6  4053.5  6443.6  30189.3    30142  1778897760645  1778897775760
read      282.1   274.9    80.4   140.2   154.6   231.3   270.0   293.6   313.2   339.5   383.8   518.2  1204.3  3792.1  6368.6  30136.5    30143  1778897777276  1778897792379
read      290.7   296.9    80.4   140.5   155.3   237.2   278.2   303.8   323.5   351.7   398.1   534.2  1246.2  4037.3  6421.0  30148.2    30144  1778897793892  1778897808996
read      290.3   287.4    80.4   141.2   157.2   238.4   278.1   303.4   322.5   350.6   397.3   532.2  1241.5  3992.6  6408.1  30120.1    30145  1778897810512  1778897825616
read      242.2   101.8    74.4   134.4   150.1   228.6   265.1   286.4   302.1   320.8   346.7   392.1   487.3   687.5  3673.7  30046.8    30146  1778897827130  1778897842234
read      242.9    96.4    80.4   138.2   152.5   229.7   265.4   286.3   301.6   320.0   345.7   390.5   483.0   653.1  3103.7  30131.2    30147  1778897843748  1778897858851
read      243.6   101.0    80.4   137.3   152.6   230.1   265.9   286.7   302.1   320.6   346.7   392.3   490.8   687.9  3488.3  30108.5    30148  1778897860367  1778897875477
read      244.7    97.5    80.4   138.2   153.1   231.0   267.0   288.1   304.1   323.0   349.7   395.8   497.6   678.7  3020.7  30164.1    30149  1778897876991  1778897892098
read      245.4   101.6    80.4   138.4   154.2   232.0   267.8   288.6   304.1   322.3   348.3   393.8   495.7   681.4  3297.8  30159.4    30150  1778897893613  1778897908723
read      244.0    98.5    80.4   135.7   151.7   230.9   267.0   287.9   303.3   321.3   347.3   393.2   494.7   677.8  3327.5  30209.5    30151  1778897910237  1778897925340
read      242.0   101.6    74.4   133.2   149.5   228.3   265.0   286.3   302.0   320.4   346.3   392.0   487.8   726.4  3389.6  30230.7    30152  1778897926853  1778897941956
read      243.0    97.0    80.4   136.0   151.5   229.5   265.4   286.2   301.7   320.5   347.4   394.3   494.0   693.3  3130.4  30235.6    30153  1778897943471  1778897958582
read      244.6    94.0    80.4   140.6   155.6   231.5   266.1   286.3   301.4   319.8   345.7   391.8   494.8   672.4  2837.0  30071.8    30154  1778897960095  1778897975201
read      239.9    94.0    80.4   131.9   147.7   226.0   262.3   283.8   299.7   319.4   346.2   393.7   497.7   672.0  2597.1  30158.9    30155  1778897976713  1778897991818
read      243.6   106.6    74.4   135.8   151.1   229.8   266.6   287.9   303.8   322.6   349.1   393.7   487.1   688.1  4103.8  30139.3    30156  1778897993330  1778898008438
read      247.2    96.3    74.4   141.3   156.4   233.8   269.4   290.0   305.4   323.8   350.0   395.7   501.6   676.4  3005.7  30125.1    30157  1778898009952  1778898025057
read      244.6   101.3    80.4   139.5   154.3   231.3   267.0   287.5   302.7   320.8   346.5   391.5   486.8   759.5  3577.6  30134.8    30158  1778898026570  1778898041683
read      271.8   255.1    86.8   136.0   150.5   228.4   266.5   289.9   308.4   332.9   371.2   465.9  1118.5  3452.8  6305.0  30082.3    30159  1778898043196  1778898058299
read      249.3   217.8    80.4   130.7   143.4   212.5   246.9   267.9   284.2   305.3   337.0   412.6  1035.0  3122.9  6115.5  30148.4    30160  1778898059813  1778898074918
read      259.1   233.2    80.4   133.2   147.0   219.7   255.9   278.3   295.6   317.8   353.1   435.5  1057.2  3216.7  6304.5  30159.9    30161  1778898076432  1778898091539
read      260.2   234.3    86.8   132.9   146.4   221.3   258.8   281.6   298.9   321.3   357.7   434.9  1046.4  3270.7  6262.7  30174.9    30162  1778898093052  1778898108160
read      252.3   215.1    80.4   131.3   144.4   215.8   251.1   272.4   289.7   311.9   344.8   423.0  1016.6  3170.7  6140.0  30158.1    30163  1778898109672  1778898124775
read      252.8   212.8    86.8   130.7   143.6   216.4   252.2   273.6   291.2   313.2   345.4   424.5  1034.9  3098.8  6002.7  30181.7    30164  1778898126288  1778898141391
read      274.9   259.7    80.4   137.6   152.0   229.3   266.9   290.0   308.6   332.9   370.9   478.4  1161.4  3604.7  6328.1  30123.3    30165  1778898142905  1778898158011
read      280.8   272.6    80.4   140.4   154.5   231.3   269.7   293.8   313.4   339.6   381.8   502.8  1201.2  3929.7  6317.0  30150.0    30166  1778898159525  1778898174631
read      283.8   272.5    80.4   140.8   155.1   233.6   273.1   297.7   317.6   344.3   388.9   511.9  1200.6  3867.4  6363.0  30152.5    30167  1778898176143  1778898191246
read      297.8   302.0    80.4   141.4   157.1   242.1   284.0   310.1   331.5   361.4   410.2   569.5  1314.2  3993.1  6397.5  30134.1    30168  1778898192760  1778898207864
read      294.0   288.8    80.4   142.1   158.0   241.3   281.9   307.3   327.4   355.7   402.8   550.8  1258.7  3987.9  6410.8  30066.5    30169  1778898209379  1778898224487
read      282.2   268.4    80.4   141.0   156.1   234.0   272.1   295.6   314.6   340.1   382.3   507.2  1179.3  3729.6  6365.2  30160.8    30170  1778898226000  1778898241109
read      300.8   304.5    86.8   142.3   158.3   244.8   287.1   313.3   334.7   364.4   413.4   568.3  1335.9  4008.4  6364.8  30126.3    30171  1778898242621  1778898257725
read      248.2   104.7    80.4   137.4   153.5   234.0   271.3   292.8   309.1   328.6   355.4   401.1   504.6   711.4  3445.9  30171.2    30172  1778898259239  1778898274351
read      245.2   111.6    80.4   137.2   152.2   229.8   267.0   289.0   305.7   325.7   354.1   400.1   497.3   712.9  4182.7  30180.4    30173  1778898275864  1778898290973
read      251.1   113.4    80.4   139.2   154.8   234.0   271.4   293.6   310.8   332.0   362.2   415.3   541.5   949.1  3711.1  30248.7    30174  1778898292487  1778898307590
read      245.8   102.2    80.4   139.0   154.4   231.1   267.1   288.4   304.3   323.3   350.2   398.3   505.3   729.4  2986.8  30179.0    30175  1778898309104  1778898324214
read      250.4   120.5    74.4   139.8   154.3   231.2   269.6   292.7   310.4   332.5   364.2   421.6   554.6   896.3  4289.2  30215.6    30176  1778898325727  1778898340834
read      246.2   103.8    80.4   138.5   153.1   229.5   267.2   289.5   306.3   326.3   355.3   404.8   518.9   886.9  3195.3  30261.7    30177  1778898342347  1778898357452
read      249.1   111.3    74.4   139.6   154.5   233.3   270.2   292.2   309.0   329.6   358.9   409.2   524.2   799.8  3398.1  30149.5    30178  1778898358966  1778898374073
read      254.1   106.1    86.8   145.6   160.7   238.1   275.2   297.3   314.5   335.6   364.4   412.4   519.1   736.0  3722.9  30232.5    30179  1778898375586  1778898390690
read      261.6   115.9    80.4   145.4   161.3   243.2   283.4   307.4   325.0   347.5   380.4   434.2   560.2   900.0  3802.9  30243.4    30180  1778898392205  1778898407314
read      256.8   106.4    80.4   145.3   160.6   240.6   278.9   301.7   318.8   340.8   370.5   420.5   529.9   741.2  3390.3  30220.2    30181  1778898408828  1778898423933
read      248.4   104.4    74.4   135.9   151.9   232.1   270.7   294.2   312.2   334.3   364.4   412.6   510.4   715.2  3173.0  30133.9    30182  1778898425447  1778898440558
read      253.4   108.6    80.4   142.5   158.3   238.2   275.4   297.3   314.4   335.3   363.9   412.5   525.3   726.8  3433.4  30220.6    30183  1778898442070  1778898457178
read      248.0   100.7    80.4   137.9   153.8   234.2   270.7   292.1   308.4   327.9   355.8   402.4   508.7   702.5  2905.6  30238.3    30184  1778898458693  1778898473797
read      285.2   306.7    80.4   133.8   148.6   228.6   269.2   294.1   314.8   342.9   392.9   541.7  1360.3  4105.2  6359.1  30169.2    30185  1778898475310  1778898490417
read      403.7   450.9    86.8   147.4   165.3   286.9   371.7   438.6   496.7   575.6   691.3   936.5  2684.0  5308.4  7402.0  30142.8    30186  1778898491931  1778898507038
read      453.3   476.7    86.8   161.7   185.0   343.9   438.9   501.9   552.2   621.2   729.8   969.6  3043.6  6050.9  7148.4  30190.7    30187  1778898508555  1778898523662
read      422.3   447.6    80.4   159.4   180.0   319.4   404.1   460.2   505.3   567.5   661.6   898.3  2777.5  5797.0  7051.6  30153.7    30188  1778898525176  1778898540286
read      546.1   589.5    86.8   168.5   195.5   398.6   535.5   622.3   687.9   774.5   919.7  1245.4  3853.8  6190.6  7326.2  30196.9    30189  1778898541801  1778898556907
read      432.3   459.1    86.8   159.8   181.3   325.7   415.3   473.4   521.7   585.4   683.2   912.2  2921.0  6026.0  6791.0  30114.2    30190  1778898558422  1778898573530
read      322.7   340.3    86.8   141.1   156.2   248.2   301.5   339.3   372.9   420.7   499.3   678.9  1791.5  4233.0  6401.8  30205.8    30191  1778898575044  1778898590151
read      252.5   219.4    80.4   132.0   144.9   214.8   250.2   271.9   289.4   311.9   345.0   427.2  1013.0  3231.1  6146.3  30154.9    30192  1778898591665  1778898606774
read      257.5   221.6    80.4   133.6   146.9   218.6   255.0   277.2   295.1   318.0   354.1   444.4  1039.8  3142.0  6318.4  30149.8    30193  1778898608289  1778898623410
read      257.4   214.9    80.4   134.4   147.9   222.1   259.5   282.3   299.7   322.0   356.9   429.4   991.6  3153.6  6172.7  30213.9    30194  1778898624926  1778898640046
read      244.7   116.6    86.8   138.7   152.9   229.4   265.5   286.3   301.8   320.2   346.1   392.2   500.2  1149.6  4055.3  30164.2    30195  1778898641560  1778898656666
read      247.5   104.3    80.4   140.7   156.0   233.8   269.8   290.6   306.2   324.3   349.1   393.6   498.1   860.5  3838.7  30176.9    30196  1778898658178  1778898673289
read      249.3   107.1    86.8   142.6   157.3   235.4   271.6   292.5   308.2   326.8   352.5   396.5   496.2   844.2  3903.3  30246.7    30197  1778898674805  1778898689910
read      245.4   119.8    86.8   140.5   154.8   230.6   266.3   287.1   302.6   321.0   346.5   392.1   493.5   982.1  4312.6  30255.5    30198  1778898691422  1778898706529
read      241.6   115.5    80.4   140.0   153.6   226.7   261.7   282.1   297.0   316.2   341.6   384.9   484.5  1102.3  4250.6  30147.7    30199  1778898708043  1778898723152
read      242.1   108.0    86.8   139.0   152.6   226.4   261.9   282.9   298.6   318.3   345.2   394.1   505.1   852.7  3668.1  30189.3    30200  1778898724666  1778898739773
read      246.9   108.6    80.4   139.1   153.9   231.7   268.7   290.4   306.7   326.2   353.8   400.0   506.1   794.8  3329.0  30170.2    30201  1778898741287  1778898756390
read      243.0    97.7    74.4   136.4   150.9   227.9   264.8   286.6   303.2   323.2   351.9   399.0   499.3   733.9  3079.1  30154.6    30202  1778898757904  1778898773012
read      248.2    98.2    80.4   138.6   153.6   233.0   270.6   292.9   309.9   330.6   359.3   406.3   511.2   706.2  2873.4  30204.4    30203  1778898774526  1778898789630
read      246.1   100.1    80.4   138.2   153.2   232.0   268.6   289.9   305.9   325.3   352.7   399.9   508.6   684.6  2859.6  30135.9    30204  1778898791144  1778898806250
read      244.8   103.8    80.4   135.3   150.7   229.8   267.6   289.8   306.6   326.5   354.7   401.1   505.5   705.2  3143.3  30130.5    30205  1778898807764  1778898822870
read      247.1   101.7    80.4   138.7   153.9   233.2   270.0   291.4   307.5   326.8   353.9   399.6   501.4   681.9  3538.1  30214.2    30206  1778898824385  1778898839489
read      249.6   106.8    80.4   140.3   155.4   234.4   272.2   294.5   311.7   332.6   361.1   405.5   501.1   708.6  3539.5  30200.9    30207  1778898841002  1778898856107
read      249.1   101.7    80.4   139.8   155.7   234.0   271.7   293.8   310.8   331.4   359.1   403.5   501.7   703.6  3143.1  30154.5    30208  1778898857621  1778898872724
read      247.4    99.7    74.4   140.6   155.0   232.0   269.0   291.0   307.9   328.4   356.7   403.4   505.7   694.3  3300.2  30247.0    30209  1778898874239  1778898889346
read      249.6   106.3    80.4   141.8   157.0   234.7   272.0   293.7   310.4   330.4   357.6   401.4   500.4   726.4  3824.2  30134.5    30210  1778898890860  1778898905965
read      251.6   108.0    80.4   141.2   156.1   235.3   273.7   296.1   313.6   334.9   363.8   410.8   516.0   715.0  3833.5  30175.9    30211  1778898907479  1778898922584
read      244.7   112.8    80.4   135.8   151.7   229.9   267.2   289.0   305.2   324.4   350.8   395.6   493.5   817.5  4257.8  30092.2    30212  1778898924098  1778898939201
read      241.8    99.4    80.4   137.7   151.8   227.3   263.5   284.6   300.2   319.6   346.0   393.0   497.4   687.7  3421.3  30228.1    30213  1778898940715  1778898955820
read      238.4   103.2    80.4   129.4   145.0   223.0   260.9   283.2   299.6   319.9   347.3   396.2   501.0   676.9  3266.8  30220.3    30214  1778898957333  1778898972438
read      246.5   105.9    80.4   138.1   153.1   231.2   268.6   290.3   306.7   326.7   354.5   401.9   507.5   766.1  3704.4  30232.2    30215  1778898973952  1778898989058
read      283.9   280.9    80.4   138.8   154.6   238.1   280.4   306.3   326.4   353.7   396.9   492.8  1084.1  4158.5  6351.7  30152.9    30216  1778898990572  1778899005679
read      308.8   335.3    86.8   142.1   157.1   242.4   288.5   318.1   343.0   378.5   436.4   598.5  1904.5  4264.4  6383.1  30194.3    30217  1778899007194  1778899022299
read      270.7   246.5    86.8   137.2   152.1   228.8   266.2   288.8   306.4   329.0   365.3   461.1  1106.1  3341.4  6249.9  30160.8    30218  1778899023812  1778899038917
read      258.0   233.4    80.4   131.1   144.1   215.8   252.6   275.4   294.0   317.3   353.8   448.3  1078.5  3251.3  6134.4  30213.3    30219  1778899040430  1778899055535
read      248.1   223.9    80.4   127.5   139.7   208.3   244.9   267.9   285.8   308.8   343.6   430.5  1016.1  3207.6  6206.1  30158.8    30220  1778899057050  1778899072154
read      255.9   227.0    80.4   129.5   142.9   216.6   253.7   275.8   293.6   315.8   351.0   439.8  1054.2  3178.9  6196.6  30247.1    30221  1778899073669  1778899088771
read      258.9   229.6    80.4   129.7   144.0   220.0   257.2   279.7   297.0   319.4   355.1   443.6  1054.2  3212.6  6169.0  30192.3    30222  1778899090286  1778899105404
read      247.6   223.1    80.4   126.4   139.1   208.0   244.1   266.6   284.1   307.1   341.6   427.7  1031.9  3191.1  6145.0  30182.8    30223  1778899106917  1778899122022
read      308.1   410.3    80.4   130.7   144.2   220.9   263.6   291.8   315.8   350.9   423.6   715.1  2594.0  4863.5  6409.4  30202.6    30224  1778899123537  1778899138641
read      295.4   285.8    80.4   139.1   155.5   241.5   284.2   310.9   332.8   363.4   416.5   559.5  1281.9  3749.6  6333.6  30293.8    30225  1778899140156  1778899155264
read      271.5   266.8    80.4   132.7   146.3   222.3   261.5   285.8   305.1   330.9   372.7   499.9  1161.6  3794.7  6330.7  30220.9    30226  1778899156779  1778899171885
read      327.1   338.9    80.4   138.5   153.3   246.0   300.3   339.6   376.7   435.7   543.0   763.8  1464.2  4208.5  6409.0  30256.6    30227  1778899173398  1778899188516
read      492.6   472.4    86.8   173.8   202.2   388.9   497.0   565.6   618.8   687.6   795.2  1024.9  2943.6  6040.3  7719.5  30209.5    30228  1778899190030  1778899205137
read      435.0   475.4    86.8   159.6   181.2   321.6   415.6   480.5   533.8   601.9   707.2   940.9  2905.0  6041.7  9099.9  30159.1    30229  1778899206652  1778899221760
read      497.2   495.7    80.4   168.6   195.5   378.4   500.7   578.1   635.7   711.0   827.4  1066.1  3117.0  6090.5  7360.9  30284.2    30230  1778899223274  1778899238386
read      388.8   411.9    80.4   151.0   170.5   297.5   375.7   428.1   469.8   527.9   613.8   798.7  2397.9  5055.8  6673.2  30239.4    30231  1778899239900  1778899255005
read      319.4   165.8    80.4   147.9   168.0   286.4   347.5   387.8   419.2   458.6   511.9   600.1   786.6  1189.5  4543.4  30226.5    30232  1778899256519  1778899271625
read      239.6    97.3    74.4   137.6   151.8   226.5   261.9   282.2   297.0   315.9   340.6   381.6   473.5   665.5  3161.5  30209.8    30233  1778899273139  1778899288248
read      236.2    92.8    74.4   132.9   147.2   222.8   259.1   280.1   295.9   315.3   340.9   383.4   471.0   632.8  2710.3  30246.7    30234  1778899289761  1778899304865
read      237.7   108.5    80.4   129.6   144.9   223.2   260.6   282.2   297.6   317.3   343.5   389.4   490.4   697.5  3676.4  30238.8    30235  1778899306379  1778899321491
read      240.4   107.3    74.4   134.5   149.6   226.1   262.7   283.7   298.9   318.0   344.2   389.2   490.3   715.7  4175.0  30224.4    30236  1778899323007  1778899338118
read      237.5   101.7    74.4   133.6   148.1   224.3   260.2   280.5   295.4   314.3   339.5   381.9   477.8   739.4  3759.2  30231.9    30237  1778899339630  1778899354744
read      243.0   100.6    80.4   133.5   150.0   229.4   266.6   288.1   304.0   323.0   349.1   394.6   494.3   673.4  3203.7  30286.3    30238  1778899356257  1778899371362
read      249.1   105.3    74.4   134.2   151.8   234.3   271.8   293.6   310.4   330.7   358.8   406.7   529.3   782.8  3212.6  30262.1    30239  1778899372876  1778899387985
read      244.1   100.7    80.4   134.8   151.1   230.1   267.4   288.9   305.0   324.0   351.0   396.6   499.0   690.5  3663.0  30255.4    30240  1778899389500  1778899404612
read      239.1    98.3    80.4   133.5   148.5   224.7   261.8   283.2   298.6   318.2   344.4   389.7   487.7   727.2  3204.8  30269.3    30241  1778899406127  1778899421236
read      241.8    98.6    80.4   133.9   149.8   228.3   264.7   285.8   301.5   320.4   346.2   390.9   496.0   732.9  3116.9  30197.8    30242  1778899422750  1778899437857
read      244.9   100.9    74.4   140.2   154.6   230.7   266.5   287.3   303.1   321.8   348.4   394.2   497.9   736.2  3899.8  30270.8    30243  1778899439372  1778899454486
read      244.9   106.0    80.4   138.2   152.9   229.8   266.5   287.9   304.0   323.5   351.4   397.8   501.5   794.9  3664.4  30287.1    30244  1778899456002  1778899471115
read      247.7    96.9    74.4   136.6   152.6   234.0   271.9   293.8   310.4   330.5   358.0   401.5   497.7   673.1  3132.3  30228.6    30245  1778899472629  1778899487735
read      242.4    99.0    80.4   140.1   154.0   229.0   263.6   283.7   298.3   317.2   342.9   387.3   487.1   700.6  3484.2  30201.1    30246  1778899489249  1778899504356
read      236.1   104.7    74.4   129.4   143.8   220.5   257.9   280.2   296.7   317.6   345.4   393.6   493.1   659.4  3438.2  30293.5    30247  1778899505871  1778899520976
read      244.4    98.8    80.4   137.5   152.5   230.8   267.8   289.1   305.0   324.0   350.1   394.3   486.8   670.1  3000.6  30207.5    30248  1778899522489  1778899537592
read      246.9   100.1    80.4   140.7   156.0   233.3   269.8   290.9   306.7   325.5   351.7   395.2   487.0   677.0  3443.8  30302.5    30249  1778899539105  1778899554212
read      246.1   104.1    80.4   137.4   153.5   233.3   268.9   289.6   305.1   323.5   349.1   393.8   497.9   684.8  3405.8  30190.8    30250  1778899555725  1778899570832
read      247.1   108.7    74.4   136.0   152.8   233.4   270.2   292.0   308.3   327.7   354.5   398.7   497.9   690.3  3947.6  30230.6    30251  1778899572345  1778899587453
read      245.6   102.7    74.4   140.5   155.5   232.2   268.4   289.2   304.6   322.5   347.7   391.5   482.1   671.5  3826.0  30220.3    30252  1778899588967  1778899604078
read      244.3   103.2    74.4   137.1   152.3   231.1   267.6   288.5   303.9   322.0   347.4   391.5   491.1   798.8  3447.0  30235.8    30253  1778899605592  1778899620702
read      251.0   121.4    80.4   138.4   154.3   235.6   272.4   293.9   310.3   330.0   357.0   401.8   525.5  1290.2  4374.6  30217.1    30254  1778899622219  1778899637327
read      282.6   297.3    86.8   140.4   153.9   228.6   267.6   292.0   312.1   339.0   384.9   510.0  1282.2  4033.4  6356.9  30185.6    30255  1778899638842  1778899653948
read      251.3   208.6    80.4   131.7   144.8   215.6   251.8   273.6   290.9   312.5   343.5   419.0  1013.7  3111.0  6055.7  30281.8    30256  1778899655461  1778899670567
read      256.7   211.1    80.4   135.3   148.2   218.9   256.0   278.4   295.8   318.3   352.7   436.0  1020.0  3155.2  6001.9  30199.0    30257  1778899672080  1778899687188
read      260.4   219.4    80.4   133.2   147.6   221.8   259.4   282.5   300.3   323.0   360.2   450.0  1032.9  3186.8  6056.5  30235.6    30258  1778899688703  1778899703817
read      257.5   220.0    86.8   131.2   144.5   217.9   255.8   279.1   297.0   320.4   357.6   444.8  1054.6  3180.9  6102.7  30294.3    30259  1778899705336  1778899720441
read      329.3   412.3    80.4   135.6   150.2   232.2   277.0   307.5   334.0   375.7   489.1   863.8  2618.5  4443.3  6424.0  30338.5    30260  1778899721953  1778899737062
read      301.5   366.2    80.4   139.9   155.6   236.7   277.1   301.4   320.4   345.8   388.0   500.7  2211.1  4221.7  6432.4  30266.6    30261  1778899738578  1778899753686
read      247.8    94.8    80.4   141.0   156.5   234.4   271.3   292.7   308.8   327.8   353.4   395.9   484.4   656.9  3156.8  30309.5    30262  1778899755203  1778899770311
read      247.7    95.6    80.4   137.3   152.7   233.6   271.4   293.0   309.7   329.8   357.5   403.3   508.7   695.0  2613.9  30198.0    30263  1778899771826  1778899786931
read      246.7   103.1    80.4   136.8   152.3   231.8   269.0   290.6   307.1   327.1   355.0   402.8   513.4   763.4  3359.9  30345.6    30264  1778899788446  1778899803561
read      246.5   101.6    80.4   139.1   153.4   231.0   268.6   290.4   306.9   327.0   355.0   401.7   507.3   784.8  3137.2  30231.3    30265  1778899805075  1778899820179
read      248.7    95.9    80.4   139.3   154.9   234.5   271.7   293.3   310.0   330.1   357.5   403.2   508.1   693.2  2939.4  30295.8    30266  1778899821696  1778899836802
read      245.5   100.9    80.4   138.0   152.7   230.8   267.6   289.0   305.1   324.4   351.7   399.2   504.5   747.1  3191.4  30254.5    30267  1778899838316  1778899853428
read      251.1   105.0    80.4   139.8   155.5   235.1   273.5   296.2   313.7   334.7   363.3   410.3   516.1   751.5  3208.5  30320.3    30268  1778899854942  1778899870048
read      334.7   156.0    80.4   165.5   188.1   306.4   364.5   400.7   429.3   465.1   514.6   593.5   773.5  1216.6  4303.0  30230.5    30269  1778899871560  1778899886668
read      340.4   170.0    80.4   160.9   181.8   306.3   372.4   414.1   446.3   486.5   540.8   627.6   828.2  1380.7  4664.5  30295.3    30270  1778899888183  1778899903292
read      308.5   148.2    80.4   150.3   170.9   281.7   335.7   369.2   396.1   430.2   478.1   558.0   727.4  1061.0  4085.8  30260.3    30271  1778899904807  1778899919918
read      335.2   168.9    80.4   160.8   181.3   303.4   365.7   404.1   435.3   474.8   529.5   614.5   792.1  1327.9  5121.7  30281.9    30272  1778899921432  1778899936537
read      246.7   110.4    74.4   136.6   151.7   230.3   267.6   289.7   306.6   327.2   356.6   406.6   535.4   828.4  3786.0  30313.0    30273  1778899938051  1778899953159
read      250.7   104.3    80.4   140.9   156.2   235.8   272.9   294.3   310.9   330.9   358.4   404.2   520.0   837.7  3394.2  30329.0    30274  1778899954674  1778899969780
read      251.6   100.1    80.4   139.3   155.9   237.5   274.9   297.1   314.0   334.3   361.2   404.4   510.9   735.5  3113.6  30255.9    30275  1778899971293  1778899986401
read      248.7   106.1    80.4   139.5   154.9   235.0   272.3   293.4   309.5   328.7   354.9   399.4   501.8   697.6  4015.3  30284.3    30276  1778899987914  1778900003019
read      245.8    99.7    80.4   137.6   152.6   231.0   269.3   291.6   308.2   327.8   354.7   399.0   497.1   715.6  3195.4  30302.7    30277  1778900004533  1778900019641
read      247.1    99.4    80.4   139.6   154.3   232.6   270.2   292.0   308.4   328.1   355.3   400.7   502.6   697.2  2961.1  30284.1    30278  1778900021154  1778900036259
read      252.6   110.5    80.4   140.2   156.2   238.1   275.8   297.7   314.6   335.0   362.6   407.9   516.8   737.8  3802.7  30305.2    30279  1778900037772  1778900052876
read      248.7   106.3    80.4   140.4   156.4   234.6   271.0   292.1   308.2   327.4   353.6   398.7   503.9   702.4  3389.4  30352.3    30280  1778900054391  1778900069495
read      246.2   102.8    74.4   138.5   153.2   231.5   269.5   291.5   308.0   327.5   354.1   397.8   494.2   722.8  3436.5  30203.8    30281  1778900071009  1778900086121
read      245.0   107.9    74.4   138.2   153.3   231.1   267.0   287.8   303.3   321.7   347.8   394.1   501.3   743.9  3746.9  30331.1    30282  1778900087635  1778900102742
read      248.3   108.4    80.4   140.0   154.8   233.6   271.0   292.5   308.8   328.2   354.8   399.7   505.7   750.5  3801.0  30255.5    30283  1778900104256  1778900119362
read      245.7   113.0    80.4   139.7   154.1   231.9   268.5   289.0   304.2   322.2   347.5   392.1   492.8   787.9  4293.3  30259.1    30284  1778900120877  1778900135982
read      244.6   100.8    80.4   136.6   152.8   232.2   268.4   288.9   303.9   321.4   346.4   389.7   485.7   720.9  3758.8  30267.9    30285  1778900137495  1778900152603
read      250.0   100.9    74.4   142.8   157.4   235.7   272.4   293.5   309.7   329.1   356.0   401.7   508.8   711.2  3164.6  30241.9    30286  1778900154118  1778900169223
read      244.7   107.0    80.4   140.0   154.5   230.4   265.9   286.4   301.5   320.0   345.9   391.4   499.2   843.3  3987.7  30302.3    30287  1778900170736  1778900185840
read      245.1    98.4    74.4   138.3   153.5   231.7   267.9   288.9   304.7   323.0   348.5   394.1   498.1   706.1  2889.4  30265.5    30288  1778900187354  1778900202459
read      247.8   100.0    74.4   142.2   157.2   234.4   270.8   291.7   307.6   326.3   351.8   394.8   485.4   676.3  3069.4  30318.5    30289  1778900203972  1778900219090
read      244.8   102.7    80.4   137.9   152.6   230.5   267.2   288.4   304.3   323.5   350.7   396.5   498.4   780.2  3522.8  30283.8    30290  1778900220604  1778900235709
read      247.3   109.3    80.4   138.1   153.3   233.0   270.6   292.2   308.5   328.1   355.1   399.2   497.9   695.0  3921.7  30327.4    30291  1778900237224  1778900252329
read      246.3   102.8    80.4   136.4   151.9   231.3   269.8   292.2   309.2   329.7   357.4   401.1   497.3   703.0  3547.5  30249.3    30292  1778900253843  1778900268949
read      250.2   106.8    74.4   139.7   155.3   236.2   274.0   295.2   311.5   331.1   357.6   400.8   502.9   793.2  3840.9  30316.7    30293  1778900270463  1778900285576
read      241.9    99.7    74.4   136.7   151.3   227.8   265.2   286.7   302.5   321.1   346.7   391.2   481.3   638.5  3447.6  30333.8    30294  1778900287090  1778900302196
read      244.3   110.1    74.4   133.5   149.7   229.4   267.2   288.9   305.4   325.2   352.6   399.3   501.9   745.8  3483.5  30299.9    30295  1778900303711  1778900318818
read      247.2    99.0    74.4   139.7   155.2   234.2   270.6   291.4   307.0   325.6   350.8   394.7   493.8   709.7  3096.2  30236.9    30296  1778900320331  1778900335439
read      246.9   104.3    80.4   140.2   155.3   232.0   268.9   290.4   306.6   326.0   353.2   398.8   499.2   727.8  4116.6  30318.6    30297  1778900336955  1778900352067
read      243.7    99.8    80.4   141.0   155.3   230.9   266.6   286.6   301.1   318.8   343.3   383.9   474.7   693.4  3160.2  30275.4    30298  1778900353581  1778900368693
read      243.2    95.1    80.4   139.2   153.6   229.8   266.3   287.1   302.4   320.5   345.6   388.9   482.0   682.8  3003.4  30281.8    30299  1778900370206  1778900385315
read      242.0    98.8    74.4   136.0   151.3   228.9   265.3   286.2   301.5   319.9   345.1   388.5   482.6   675.8  3226.8  30301.8    30300  1778900386829  1778900401934
read      243.7   108.6    74.4   135.4   150.7   228.1   265.0   286.7   303.2   323.4   350.6   397.7   504.7  1023.1  3824.4  30316.9    30301  1778900403449  1778900418555
read      269.7   264.0    80.4   133.0   148.6   229.5   270.5   295.1   314.3   338.7   374.1   455.2   978.9  4220.1  6289.3  30264.5    30302  1778900420069  1778900435175
read      293.6   358.0    80.4   136.5   150.4   227.5   269.5   295.9   317.8   348.4   402.7   549.5  1862.5  4381.1  6414.5  30296.3    30303  1778900436691  1778900451807
read      261.7   224.0    80.4   131.6   145.4   218.4   257.4   282.2   301.8   328.0   370.5   480.3  1067.7  3142.1  6127.1  30384.4    30304  1778900453323  1778900468435
read      268.3   248.9    80.4   132.5   146.7   223.6   264.5   289.8   310.2   337.0   379.3   483.6  1085.3  3335.5  6303.1  30322.1    30305  1778900469952  1778900485062
read      287.7   282.0    80.4   132.5   147.5   231.6   276.8   306.0   329.7   363.7   423.4   587.9  1195.2  3755.3  6369.8  30309.7    30306  1778900486577  1778900501697
read      274.4   265.7    80.4   132.9   147.5   226.1   268.4   293.9   314.6   341.8   388.1   505.1  1125.2  3668.8  6427.4  30325.4    30307  1778900503214  1778900518346
read      269.2   249.6    74.4   133.4   148.4   225.8   265.3   289.3   308.1   332.7   371.3   473.5  1107.8  3411.5  6367.6  30222.2    30308  1778900519864  1778900534986
read      321.0   450.0    80.4   134.5   149.8   231.4   275.8   304.6   328.2   362.8   428.0   656.5  2999.8  5251.0  7092.9  30313.9    30309  1778900536503  1778900551617
read      286.6   264.5    80.4   141.5   156.9   238.0   278.5   303.2   322.3   348.9   394.3   527.3  1184.3  3800.0  6317.2  30308.1    30310  1778900553132  1778900568241
read      290.3   286.5    80.4   141.1   156.4   236.5   277.0   303.1   324.1   354.2   405.2   553.3  1208.4  3914.6  6398.3  30317.9    30311  1778900569756  1778900584867
read      290.4   285.2    74.4   141.2   156.7   236.8   278.2   304.1   324.5   353.7   403.0   549.6  1197.6  4009.1  6347.6  30395.0    30312  1778900586381  1778900601494
read      325.3   326.0    80.4   141.2   157.2   249.0   302.7   341.9   378.0   434.1   526.0   732.6  1452.4  4078.9  7111.6  30273.6    30313  1778900603009  1778900618114
read      382.3   446.8    80.4   139.9   155.3   252.4   328.6   399.1   465.3   562.8   707.8   973.7  2399.5  5285.1  7871.2  30369.3    30314  1778900619631  1778900634750
read      405.5   481.1    80.4   140.5   157.0   262.0   343.8   420.5   492.9   601.7   759.0  1064.3  2700.3  5451.1  8153.3  30376.9    30315  1778900636268  1778900651376
read      349.9   406.1    80.4   141.7   157.3   246.9   307.4   359.4   411.2   489.1   612.8   833.2  1926.0  5006.8 10755.7  30300.7    30316  1778900652893  1778900668001
read      295.5   251.6    80.4   135.8   152.8   240.4   290.3   325.0   355.4   398.7   469.4   615.8  1097.9  3169.2  7478.8  30293.2    30317  1778900669517  1778900684623
read      258.9   135.0    80.4   131.9   148.7   231.0   273.7   301.2   322.7   351.9   395.5   476.9   687.2  1276.6  3932.4  30360.1    30318  1778900686141  1778900701249
read      282.5   256.8    80.4   133.1   148.9   231.4   278.9   313.6   343.7   388.8   460.2   596.1   964.0  2347.8  5841.8  30329.1    30319  1778900702766  1778900717876
read      259.3   142.1    74.4   132.9   149.7   231.9   273.5   300.7   321.3   348.5   391.4   470.7   687.2  1479.7  4428.3  30314.5    30320  1778900719396  1778900734503
read      249.9   125.6    74.4   132.4   149.0   230.0   269.5   293.1   311.6   334.4   365.9   425.7   584.8  1107.2  4381.3  30328.3    30321  1778900736016  1778900751131
read      253.6   135.1    80.4   134.8   149.8   229.5   270.6   295.5   315.1   339.9   374.8   445.6   635.4  1295.0  4375.6  30265.6    30322  1778900752646  1778900767756
read      245.0   113.9    80.4   132.3   147.9   227.6   266.6   289.5   307.0   328.4   358.2   409.7   541.0   801.3  4057.3  30315.2    30323  1778900769272  1778900784380
read      240.5   119.8    80.4   130.3   145.5   222.3   260.1   282.5   299.0   319.8   348.4   401.6   539.6  1012.6  4635.0  30378.2    30324  1778900785897  1778900801022
read      244.9   105.8    80.4   138.8   153.3   229.5   266.2   287.4   303.1   321.7   347.6   394.8   515.0   923.6  3604.7  30367.1    30325  1778900802540  1778900817650
read      246.4   123.1    74.4   136.1   150.9   227.5   265.8   288.4   305.8   327.2   357.4   413.3   544.3   961.7  4880.2  30343.3    30326  1778900819165  1778900834286
read      250.8   138.9    80.4   135.9   151.6   230.1   268.7   291.9   309.9   332.0   363.2   423.0   577.7  1321.2  5563.7  30336.7    30327  1778900835804  1778900850948
read      248.9   106.7    80.4   138.1   152.4   230.2   269.2   292.3   310.5   332.8   363.2   419.4   556.6   871.5  3164.4  30350.7    30328  1778900852473  1778900867584
read      245.0   119.0    80.4   131.3   146.4   225.4   266.1   290.3   308.8   331.3   362.0   417.0   546.0   907.7  4223.9  30345.1    30329  1778900869097  1778900884210
read      265.4   249.3    80.4   134.1   147.6   220.3   260.0   284.6   303.7   329.0   368.6   470.5  1080.4  3849.8  6134.3  30309.8    30330  1778900885725  1778900900839
read      250.5   217.6    80.4   130.4   142.9   210.5   247.5   270.8   289.0   311.9   345.7   438.3  1005.4  3252.8  6146.8  30332.3    30331  1778900902354  1778900917464
read      262.4   227.1    80.4   131.3   145.3   220.7   260.9   285.3   304.1   328.9   367.7   466.4  1056.7  3200.1  6108.5  30381.6    30332  1778900918979  1778900934092
read      260.1   216.1    80.4   134.1   148.2   221.1   258.8   281.7   299.0   321.6   357.8   454.2  1035.0  3098.8  5987.4  30395.2    30333  1778900935608  1778900950720
read      267.8   231.2    86.8   136.3   150.2   225.2   264.6   288.5   307.5   332.3   371.7   482.4  1064.3  3219.6  6211.0  30331.0    30334  1778900952234  1778900967342
read      254.4   216.4    86.8   132.3   145.2   214.5   251.7   274.9   293.7   317.0   352.0   447.5  1024.7  3172.0  6132.0  30336.6    30335  1778900968857  1778900983967
read      264.5   235.4    80.4   136.9   150.1   220.5   257.2   279.9   297.3   321.0   360.6   476.5  1095.1  3209.1  6187.8  30370.2    30336  1778900985482  1778901000602
read      294.0   283.9    86.8   144.7   160.4   243.2   284.9   310.7   331.4   359.0   403.3   536.9  1215.5  3939.3  6348.9  30367.7    30337  1778901002118  1778901017229
read      280.4   266.4    86.8   140.6   154.2   229.7   269.5   294.2   314.5   341.4   386.8   525.3  1184.1  3756.8  6283.7  30286.7    30338  1778901018743  1778901033851
read      280.2   260.8    86.8   140.7   154.8   231.7   272.2   297.1   317.3   343.3   386.7   509.7  1149.4  3857.7  6312.6  30385.6    30339  1778901035366  1778901050478
read      290.9   270.0    86.8   143.1   157.8   239.6   282.2   308.5   329.5   357.9   404.2   547.8  1195.4  3800.7  6319.9  30370.5    30340  1778901051993  1778901067102
read      288.1   278.8    86.8   143.5   157.7   236.0   277.4   303.3   323.4   350.8   396.3   527.1  1218.2  3867.1  6341.8  30285.6    30341  1778901068616  1778901083730
read      299.9   290.5    86.8   145.0   161.1   247.8   290.5   316.9   338.4   366.9   415.3   555.4  1226.4  4053.1  6373.1  30355.0    30342  1778901085246  1778901100357
read      258.0   170.9    80.4   139.9   156.1   236.6   274.7   296.7   313.9   334.9   363.4   413.6   562.2  3103.9  6025.2  30346.3    30343  1778901101872  1778901116980
read      250.1   110.2    80.4   138.3   153.9   234.0   273.1   295.6   313.1   334.2   362.4   408.7   511.7   740.6  3753.7  30350.0    30344  1778901118495  1778901133601
read      247.6   102.7    80.4   141.5   156.3   232.3   269.6   291.3   307.7   327.2   353.8   399.4   504.5   700.7  3570.0  30396.9    30345  1778901135115  1778901150224
read      247.3   106.5    80.4   140.9   155.6   231.6   268.6   290.2   306.8   326.8   354.6   401.1   515.0   723.9  3337.4  30371.8    30346  1778901151738  1778901166845
read      248.3   106.6    80.4   135.5   151.6   232.4   272.0   295.1   312.6   333.4   361.0   405.4   514.8   758.9  3698.4  30377.0    30347  1778901168359  1778901183468
read      253.8   107.0    74.4   138.1   155.5   239.3   278.0   300.2   316.6   337.2   364.8   411.9   532.8   754.3  3226.0  30346.1    30348  1778901184983  1778901200092
read      247.1   110.1    80.4   138.1   152.5   229.1   267.0   289.6   307.0   328.3   357.9   410.2   540.2   826.9  3927.4  30372.9    30349  1778901201606  1778901216713
read      246.1   102.7    80.4   135.4   150.9   230.6   269.3   291.5   308.1   327.7   354.6   400.2   521.0   779.0  3133.9  30294.2    30350  1778901218227  1778901233341
read      247.5   112.6    80.4   132.6   149.3   231.5   271.4   294.2   311.4   332.1   359.9   405.3   525.5   807.0  3196.3  30366.6    30351  1778901234857  1778901249962
read      240.9   102.7    80.4   132.4   147.2   225.0   263.9   286.6   303.2   323.0   350.9   397.9   508.2   684.6  3100.5  30366.9    30352  1778901251476  1778901266585
read      251.1   113.4    80.4   136.7   153.2   235.3   274.1   296.2   313.7   334.7   363.0   411.6   527.6   775.1  3626.7  30377.1    30353  1778901268099  1778901283208
read      249.3   106.5    80.4   137.3   153.1   232.8   271.2   293.7   311.2   332.3   360.7   408.5   532.1   876.3  3464.5  30406.2    30354  1778901284724  1778901299837
read      261.3   132.7    74.4   137.5   153.6   236.6   279.0   305.1   325.0   350.6   388.8   460.9   660.1  1285.9  4257.9  30377.1    30355  1778901301353  1778901316460
read      252.7   104.1    80.4   140.3   156.1   236.7   275.3   297.8   315.2   336.2   363.9   411.9   532.8   777.6  2947.5  30436.0    30356  1778901317975  1778901333085
read      247.2   111.1    80.4   134.8   150.8   231.0   270.3   293.0   310.2   330.5   357.9   403.1   525.2   791.6  3937.8  30366.8    30357  1778901334600  1778901349710
read      251.6   132.7    74.4   140.2   155.5   233.9   271.8   293.8   310.9   331.4   359.2   407.5   541.1  1212.8  5420.7  30402.0    30358  1778901351224  1778901366339
read      243.6   124.0    80.4   133.2   148.9   225.9   264.5   287.1   304.1   324.9   353.7   402.7   527.4   886.7  4519.3  30355.3    30359  1778901367855  1778901382980
read      247.3   127.0    74.4   138.2   153.0   229.8   267.8   289.8   306.4   326.6   354.8   403.1   533.1   968.0  4902.8  30352.4    30360  1778901384499  1778901399616
read      248.1   147.7    80.4   136.0   150.9   228.9   268.0   291.1   308.5   329.4   358.4   409.2   538.8  1134.3  6397.3  30312.2    30361  1778901401136  1778901416271
read      252.9   138.3    80.4   140.0   155.4   234.2   272.2   294.5   311.9   332.9   361.6   412.8   550.5  1284.3  6035.5  30376.3    30362  1778901417787  1778901432909
read      254.4   241.6    80.4   135.8   151.3   230.2   269.4   292.4   310.0   331.6   361.6   416.6   576.1  2791.0  9444.5  30371.4    30363  1778901434430  1778901449549
read      246.1   115.4    80.4   141.7   156.0   229.8   266.8   288.2   304.0   322.6   348.6   394.7   513.6   824.3  4368.3  30403.4    30364  1778901451065  1778901466195
read      249.8   105.1    80.4   138.9   154.2   233.8   273.2   295.6   312.8   333.3   360.4   404.6   519.7   744.4  3329.2  30330.9    30365  1778901467715  1778901482833
read      242.8   103.7    80.4   137.3   151.7   227.2   264.8   286.4   302.4   321.7   348.4   394.4   506.3   693.4  3719.9  30478.8    30366  1778901484349  1778901499458
read      286.8   138.3    80.4   146.2   163.7   260.8   309.1   339.2   363.4   395.0   440.1   516.5   687.6  1074.9  4320.5  30357.7    30367  1778901500972  1778901516087
read      311.4   147.7    80.4   154.3   175.5   284.7   337.9   371.0   397.7   432.0   480.1   557.1   723.6  1105.9  4373.7  30350.9    30368  1778901517603  1778901532713
read      309.9   157.3    80.4   150.4   170.0   281.5   339.1   374.1   402.0   436.5   484.7   558.4   721.8  1215.3  4878.5  30381.1    30369  1778901534229  1778901549338
read      341.9   187.7    80.4   155.8   176.1   301.8   373.2   419.1   454.4   498.5   559.1   651.5   861.6  1583.8  4958.1  30367.9    30370  1778901550852  1778901565965
read      290.8   132.7    80.4   146.4   163.8   266.2   318.6   350.9   375.6   407.8   450.6   515.2   648.8   956.9  3858.3  30438.7    30371  1778901567479  1778901582592
read      242.3   102.7    80.4   133.0   148.9   228.0   265.8   287.5   303.5   322.3   348.5   394.2   503.6   706.5  3110.0  30434.8    30372  1778901584107  1778901599216
read      251.9   128.7    80.4   138.5   154.2   233.2   272.4   295.6   313.4   335.2   365.0   417.9   551.5   968.4  4186.3  30319.2    30373  1778901600731  1778901615844
read      261.4   153.2    80.4   132.1   147.8   228.6   271.5   298.7   321.0   352.5   400.0   493.0   769.9  1803.6  4102.8  30249.6    30374  1778901617362  1778901632473
read      260.5   146.8    80.4   137.5   152.4   232.2   274.2   300.3   320.4   346.6   386.3   464.4   706.0  1752.1  4297.4  30346.5    30375  1778901633990  1778901649106
read      254.6   118.9    80.4   138.8   153.4   232.2   272.8   297.2   316.9   341.3   375.2   438.9   603.4  1061.1  3182.2  30364.3    30376  1778901650621  1778901665732
read      253.5   131.0    74.4   135.5   150.5   230.3   271.6   296.0   315.1   339.0   371.5   433.0   622.9  1488.4  3956.4  30389.7    30377  1778901667247  1778901682356
read      251.7   111.8    80.4   140.3   154.5   231.4   270.7   294.8   313.5   336.7   368.1   424.7   569.2   959.6  3631.8  30303.6    30378  1778901683871  1778901698979
read      254.0   110.9    74.4   138.5   154.8   236.5   275.9   298.7   316.4   338.4   367.5   419.5   549.1  1033.2  3745.4  30410.5    30379  1778901700494  1778901715610
read      254.2   138.2    74.4   132.6   149.0   229.9   271.6   296.8   316.6   341.7   376.8   444.6   644.3  1395.3  4165.8  30353.9    30380  1778901717126  1778901732248
read      247.1   106.6    80.4   138.9   153.1   230.2   268.3   290.5   307.5   328.4   357.4   405.4   532.7   808.8  3502.9  30405.9    30381  1778901733764  1778901748878
read      249.4   105.5    80.4   142.1   156.4   232.2   270.0   292.2   309.4   330.5   359.5   408.0   530.7   819.5  3265.7  30407.6    30382  1778901750398  1778901765508
read      251.4   138.5    80.4   137.1   152.2   230.9   270.5   293.8   312.1   334.6   365.4   422.7   564.1  1149.2  5558.0  30470.2    30383  1778901767025  1778901782149
read      253.8   122.7    74.4   137.9   153.0   233.1   273.9   298.3   317.3   341.0   373.0   432.1   569.3   946.1  4328.2  30405.0    30384  1778901783667  1778901798790
read      252.6   111.4    80.4   139.6   154.7   234.2   274.0   297.3   315.5   337.6   367.7   421.5   547.4   825.3  3929.6  30433.5    30385  1778901800306  1778901815422
read      246.2   115.1    74.4   134.7   149.3   227.5   268.0   291.6   309.6   331.7   362.1   415.0   537.1   771.5  4371.4  30342.5    30386  1778901816939  1778901832049
read      249.9   108.5    80.4   139.9   154.4   232.3   271.9   294.7   312.0   333.1   361.6   410.4   533.7   835.6  3801.1  30371.7    30387  1778901833564  1778901848680
read      246.2   101.9    80.4   139.1   153.4   230.1   268.4   290.8   307.8   327.8   354.9   400.0   511.6   759.5  3125.5  30386.9    30388  1778901850195  1778901865316
read      244.6   102.9    80.4   138.6   152.9   228.5   266.5   288.9   305.5   325.2   352.6   397.9   507.0   718.5  3130.0  30445.1    30389  1778901866834  1778901881943
read      244.7   107.0    80.4   135.5   150.7   228.4   266.7   289.3   306.4   326.9   354.7   400.6   516.4   751.3  4025.1  30308.4    30390  1778901883457  1778901898567
read      248.5   110.1    80.4   139.0   154.1   231.3   269.6   291.9   309.1   330.1   359.1   408.3   532.3   809.1  3711.2  30316.1    30391  1778901900083  1778901915193
read      244.1   100.0    74.4   133.6   149.3   228.0   266.7   289.2   306.3   326.9   355.2   402.2   526.0   757.3  2898.5  30367.3    30392  1778901916708  1778901931815
read      249.4   101.5    74.4   138.9   153.8   231.9   271.4   294.4   312.1   333.7   363.2   414.0   538.5   760.9  3051.8  30364.1    30393  1778901933330  1778901948449
read      253.2   118.1    80.4   140.1   154.6   231.1   270.0   293.5   312.5   336.6   370.5   435.5   599.9  1088.5  3480.2  30324.7    30394  1778901949965  1778901965073
read      246.9   104.6    80.4   138.1   153.2   230.9   269.0   291.1   307.7   327.6   354.9   400.6   517.8   812.7  3138.9  30308.5    30395  1778901966587  1778901981696
read      244.8   112.7    80.4   138.1   152.3   227.5   265.4   287.8   304.8   325.3   353.7   401.3   524.6   777.4  3905.7  30399.4    30396  1778901983211  1778901998320
read      283.3   261.8    74.4   142.7   158.0   240.5   284.1   310.9   331.8   358.9   400.6   501.7   984.6  4360.3  6350.5  30337.3    30397  1778901999835  1778902014943
read      336.1   458.0    86.8   143.6   159.9   247.8   295.7   327.4   354.1   393.1   464.4   645.4  2984.3  6066.0  7612.0  30404.9    30398  1778902016458  1778902031572
read      257.3   231.2    80.4   132.3   145.5   215.1   252.5   275.6   294.3   318.0   355.1   457.4  1060.3  3235.9  6225.4  30346.3    30399  1778902033087  1778902048203
read      261.8   225.5    80.4   132.3   146.5   221.8   260.5   284.1   302.6   326.4   363.1   459.4  1046.5  3202.7  6205.3  30358.0    30400  1778902049718  1778902064830
read      259.6   229.1    80.4   130.9   144.9   217.5   256.2   280.6   299.1   323.0   360.1   461.7  1057.5  3221.9  6185.7  30367.7    30401  1778902066345  1778902081454
read      273.5   256.7    80.4   134.3   149.1   224.6   265.5   291.4   313.0   341.8   391.2   523.7  1097.4  3381.0  6335.8  30407.7    30402  1778902082969  1778902098090
read      268.3   232.1    80.4   130.6   144.0   216.0   257.7   286.2   310.2   344.1   407.7   562.1  1070.9  3164.5  6135.8  30421.5    30403  1778902099605  1778902114716
read      447.9   725.3    80.4   142.5   159.8   263.5   327.4   375.8   424.3   496.9   621.9  1094.1  4288.5  6280.4  7689.6  30392.2    30404  1778902116231  1778902131341
read      294.0   279.8    86.8   138.6   153.2   232.7   278.1   308.8   334.8   371.6   440.9   623.9  1243.8  3802.4  6349.8  30392.4    30405  1778902132859  1778902147975
read      293.0   296.2    80.4   142.3   157.3   235.9   278.1   305.0   326.5   356.7   406.5   559.2  1259.5  4055.9  6377.1  30367.4    30406  1778902149491  1778902164604
read      298.3   310.4    80.4   142.1   157.5   239.7   283.5   310.4   332.2   362.0   412.4   574.1  1299.9  4114.9  6439.1  30386.3    30407  1778902166121  1778902181229
read      290.7   280.6    80.4   140.6   155.9   236.8   279.2   305.8   326.7   356.2   404.6   562.3  1208.2  3930.2  6345.0  30401.8    30408  1778902182745  1778902197851
read      288.5   299.6    80.4   138.9   153.3   232.0   274.4   302.0   323.8   354.7   406.9   563.7  1226.2  3844.9  7091.3  30386.3    30409  1778902199367  1778902214479
read      271.1   343.0    74.4   139.2   153.9   231.0   271.0   295.1   314.3   339.0   374.7   465.3  1029.3  3470.2  6348.0  30439.8    30410  1778902215994  1778902231110
read      261.3   204.2    80.4   136.1   151.3   227.1   265.3   288.7   307.1   330.3   364.3   440.2   940.2  3157.4  6045.3  30415.1    30411  1778902232625  1778902247738
read      272.4   260.3    80.4   134.5   149.3   223.4   263.6   288.9   309.5   337.5   382.2   503.6  1142.3  3475.0  6315.9  30343.8    30412  1778902249253  1778902264365
read      264.4   229.2    80.4   133.8   147.1   219.7   260.0   285.3   305.9   333.4   376.3   491.5  1057.2  3246.4  6177.7  30378.7    30413  1778902265880  1778902280988
read      256.7   215.4    80.4   130.6   144.7   217.2   255.0   278.5   296.7   320.9   357.7   450.3  1028.1  3142.8  6123.8  30356.2    30414  1778902282502  1778902297609
read      255.1   227.8    80.4   130.2   143.7   214.2   251.5   274.7   293.8   317.5   353.1   442.0  1044.5  3297.4  6212.8  30383.1    30415  1778902299123  1778902314241
read      268.8   231.2    80.4   133.9   149.4   226.5   267.0   291.5   311.2   336.8   375.8   485.1  1060.4  3183.8  6265.8  30445.2    30416  1778902315755  1778902330865
read      254.8   219.6    80.4   132.3   145.7   215.8   252.7   275.3   293.4   316.4   351.6   441.6  1019.2  3150.7  6309.7  30323.1    30417  1778902332378  1778902347491
read      296.3   293.7    80.4   144.5   160.0   241.2   283.3   309.6   330.8   359.6   406.6   551.8  1276.0  4002.2  6310.5  30408.1    30418  1778902349006  1778902364115
read      292.3   284.4    80.4   142.7   158.6   238.3   279.9   306.6   328.2   357.8   406.4   548.3  1234.7  3954.2  6322.0  30416.9    30419  1778902365630  1778902380743
read      295.0   284.1    86.8   141.3   156.8   239.6   283.7   311.2   333.7   364.9   419.1   569.3  1235.9  3776.7  6348.4  30367.8    30420  1778902382260  1778902397378
read      290.7   272.2    80.4   142.4   157.5   238.4   280.7   306.8   327.1   355.1   401.7   551.3  1212.5  3714.4  6309.2  30296.5    30421  1778902398893  1778902414001
read      295.8   284.8    80.4   145.2   161.1   242.9   284.4   310.3   331.0   359.7   407.1   552.7  1234.9  3988.3  6289.3  30394.7    30422  1778902415517  1778902430627
read      287.5   273.5    80.4   142.3   157.0   235.3   275.7   301.1   320.8   348.4   395.1   541.7  1220.5  3749.0  6284.3  30480.1    30423  1778902432141  1778902447249
