#type       avg     std     min      p5     p10     p50     p67     p75     p80     p85     p90     p95     p99    p999   p9999      QPS   target       ts_start         ts_end
read      242.0   112.8   101.3   162.6   175.5   230.6   253.9   268.1   278.1   292.0   310.8   341.7   433.8  1501.1  3971.4   4983.5     5000  1778082614808  1778082617069
read      257.4    88.3    86.8   156.4   174.2   251.5   279.0   295.5   308.4   322.2   341.3   375.0   448.0   632.8  2965.1  14988.5    15000  1778082618574  1778082620816
read      271.8    85.5    80.4   148.7   166.1   266.9   304.5   325.1   340.3   359.8   385.0   419.2   490.5   606.2  1187.9  25064.5    25000  1778082622320  1778082624522
read      272.0   100.7    74.4   137.7   154.4   265.8   310.3   334.0   350.5   372.1   398.0   434.2   507.9   665.9  2921.0  34857.1    35000  1778082626027  1778082628228
read      268.6   122.3    80.4   132.2   147.4   258.6   308.5   334.4   353.5   377.8   404.6   444.3   527.5   692.1  3000.5  44675.0    45000  1778082629733  1778082631936
read      266.4   108.6    74.4   129.0   143.0   250.3   307.0   336.9   359.4   386.4   417.5   462.2   548.0   695.1   891.9  54740.9    55000  1778082633441  1778082635642
read      266.4   126.2    80.4   127.3   140.8   240.6   300.2   334.0   360.7   393.8   432.7   487.4   593.5   848.7  3379.9  64997.0    65000  1778082637146  1778082639345
read      270.1   128.5    74.4   124.6   138.6   240.5   304.2   339.0   368.0   402.5   447.8   513.7   646.8   867.8  1450.4  74748.0    75000  1778082640849  1778082643049
read      277.6   145.7    74.4   125.6   139.6   242.7   307.0   343.0   373.9   413.3   465.4   545.2   744.6  1074.3  1729.9  85056.5    85000  1778082644554  1778082646753
read      274.5   156.8    74.4   124.2   137.9   227.9   290.8   330.4   365.6   413.1   479.7   579.6   816.8  1314.9  2451.0  95306.2    95000  1778082648257  1778082650456
read      326.7   262.9    74.4   132.3   148.0   250.0   314.0   360.2   403.0   470.3   584.7   819.2  1359.3  2548.4  3507.5 104697.4   105000  1778082651959  1778082654165
read      377.7   478.0    74.4   136.6   153.5   259.2   319.1   363.2   402.0   462.0   577.8   999.9  2939.1  4239.7  8066.4 115145.2   115000  1778082655670  1778082657881
read      505.5   774.7    80.4   164.6   188.8   309.6   372.1   414.2   449.2   497.7   580.6  2374.6  3720.6  7699.4 10111.1 123630.2   125000  1778082659386  1778082661584
Warning! Detected max cpu usage > 95%
CPU Usage Stats (avg/min/max): 50.25%,0.50%,100.00%
