#type       avg     std     min      p5     p10     p50     p67     p75     p80     p85     p90     p95     p99    p999   p9999      QPS   target       ts_start         ts_end
read      234.7    97.7   101.3   155.1   167.8   226.0   251.6   265.0   273.6   286.8   303.4   332.1   417.3  1081.8  6465.6   4956.4     5000  1778082386066  1778082388324
read      268.1    81.1    86.8   153.6   171.7   265.1   298.2   315.8   328.5   342.8   365.9   399.0   466.9   588.3  2038.3  14910.5    15000  1778082389828  1778082392068
read      277.3    97.9    80.4   143.0   161.0   272.1   314.4   336.0   351.6   373.4   400.0   437.3   517.7   690.8  2035.8  25034.1    25000  1778082393573  1778082395775
read      285.1   118.9    80.4   135.1   152.4   274.5   326.8   355.7   379.5   404.7   433.4   475.5   558.2   692.2  3232.7  34966.5    35000  1778082397280  1778082399489
read      295.0   140.9    74.4   129.1   146.4   279.4   341.6   380.7   406.2   433.7   466.7   510.4   596.4   771.1  5115.8  45174.8    45000  1778082400994  1778082403194
read      309.3   166.3    80.4   128.3   144.7   282.2   359.7   405.3   434.9   466.9   504.0   557.0   685.0  1602.3  4511.2  55289.5    55000  1778082404699  1778082406899
read      350.4   189.1    74.4   132.1   150.8   307.2   411.8   467.8   504.8   545.1   593.8   678.6   906.2  1441.8  1876.7  64968.0    65000  1778082408404  1778082410604
read      778.3  1382.5    74.4   149.7   170.0   283.1   344.7   398.5   475.3  1012.2  2355.8  4398.0  6519.9  8114.6 10012.3  74010.9    75000  1778082412108  1778082414308
read      847.5  1634.4    80.4   155.3   177.7   270.2   317.7   364.4   418.1   531.6  2886.5  5470.9  7421.7  9326.5 10887.2  76753.3    85000  1778082415813  1778082418012
read      835.8  1764.8    80.4   150.3   173.6   269.2   304.1   326.7   345.8   378.6  2409.8  6175.0  7488.2  9266.4 10937.5  81547.0    95000  1778082419517  1778082421720
read      847.3  1782.7    80.4   156.1   177.0   267.7   311.8   339.8   363.8   400.0  2690.0  6190.9  7374.2  9485.2 11070.5  80625.5   105000  1778082423224  1778082425422
read      870.4  1813.9    80.4   158.0   179.6   270.4   318.6   353.1   383.6   429.2  2906.6  6202.8  7542.2 10023.4 12838.7  78299.8   115000  1778082426928  1778082429128
read      879.5  1821.0    80.4   155.0   176.1   285.2   324.0   348.4   370.3   403.5  3052.4  6220.6  7362.1  9324.6 10862.3  77707.5   125000  1778082430634  1778082432835
Warning! Detected max cpu usage > 95%
CPU Usage Stats (avg/min/max): 51.24%,2.49%,100.00%
