#type       avg     std     min      p5     p10     p50     p67     p75     p80     p85     p90     p95     p99    p999   p9999      QPS   target       ts_start         ts_end
read      228.4    82.6    93.8   155.1   166.9   218.5   240.6   253.2   263.6   274.7   292.4   320.4   403.1  1257.9  3113.8   4945.5     5000  1778082735678  1778082737941
read      254.8    84.6    93.8   157.1   173.6   247.3   273.6   289.8   301.4   316.4   337.0   371.3   468.1  1052.8  2039.4  14921.5    15000  1778082739447  1778082741687
read      251.4    78.5    86.8   144.5   161.2   249.4   278.3   293.8   305.6   318.6   337.9   370.0   451.4   626.0  1933.9  25231.0    25000  1778082743191  1778082745393
read      257.1    88.5    80.4   139.2   154.6   254.1   290.9   310.3   323.5   339.1   360.4   394.5   467.5   633.2  2771.6  34934.5    35000  1778082746897  1778082749098
read      258.7    94.1    80.4   135.1   150.1   252.1   296.1   318.3   334.0   351.5   374.2   409.5   495.4   640.1  2488.4  45177.0    45000  1778082750603  1778082752803
read      254.7   106.4    74.4   130.0   144.2   244.8   292.8   316.0   332.2   350.2   374.6   414.1   497.7   738.7  2541.4  55133.0    55000  1778082754309  1778082756511
read      250.6   102.6    80.4   127.3   140.5   236.4   288.8   314.3   331.5   350.3   375.7   417.0   510.7   796.0  2036.7  65042.4    65000  1778082758017  1778082760224
read      247.9   100.6    80.4   126.6   139.7   229.3   282.9   311.3   330.6   352.3   380.9   422.1   508.0   712.4  1595.3  74894.5    75000  1778082761729  1778082763940
read      249.2   114.3    74.4   125.4   139.1   228.8   282.7   311.8   331.3   353.3   382.4   427.3   534.8   867.1  4118.1  85014.0    85000  1778082765445  1778082767650
read      248.8   112.5    74.4   127.6   140.9   226.6   278.1   307.7   327.8   351.0   382.4   429.2   553.6   936.3  2973.3  95269.0    95000  1778082769155  1778082771354
read      238.6   126.5    74.4   123.4   136.5   217.4   265.6   293.3   313.0   335.4   364.6   410.9   519.3   791.6  6257.2 104915.4   105000  1778082772860  1778082775059
read      242.9    97.3    74.4   127.5   141.0   223.7   270.4   298.0   318.0   341.0   370.3   415.9   509.5   769.8  1777.1 115047.2   115000  1778082776564  1778082778766
read      273.9   121.8    74.4   133.6   149.5   249.5   304.6   336.0   359.9   389.2   427.7   493.0   651.3   946.1  2025.8 125106.4   125000  1778082780271  1778082782475
Warning! Detected max cpu usage > 95%
CPU Usage Stats (avg/min/max): 50.51%,1.01%,100.00%
