#type       avg     std     min      p5     p10     p50     p67     p75     p80     p85     p90     p95     p99    p999   p9999      QPS   target       ts_start         ts_end
read      243.3    90.8    93.8   160.5   173.6   233.5   258.6   272.1   283.2   296.0   314.7   345.7   435.8  1318.9  3772.0   4966.5     5000  1778082440709  1778082442973
read      270.4    95.5    86.8   155.1   173.7   265.5   298.6   316.6   329.6   343.8   367.6   405.5   491.1   625.8  3869.0  15075.0    15000  1778082444478  1778082446719
read      287.0   128.1    86.8   143.5   161.6   280.4   324.1   346.2   365.8   388.5   415.4   453.2   538.8  1195.5  4307.9  25094.5    25000  1778082448224  1778082450428
read      290.5   109.6    74.4   135.9   153.5   282.3   335.6   366.4   388.6   412.4   440.4   480.1   551.9   679.9  1129.7  35014.0    35000  1778082451933  1778082454135
read      296.9   127.8    74.4   129.6   146.7   282.3   343.5   382.6   408.9   436.8   470.4   517.6   618.3   805.7  1358.9  45318.5    45000  1778082455640  1778082457844
read      300.3   136.9    74.4   126.2   142.6   277.7   352.0   396.9   425.0   455.9   492.3   541.9   643.1   831.2  1189.0  54917.5    55000  1778082459349  1778082461553
read      332.3   171.1    74.4   128.6   146.1   292.1   392.9   445.7   480.7   519.9   566.4   637.0   836.0  1150.8  1548.9  64878.5    65000  1778082463058  1778082465261
read      390.5   296.8    74.4   130.3   148.3   294.5   434.3   508.6   560.4   622.4   712.2   911.5  1529.1  2506.9  4756.4  74808.5    75000  1778082466765  1778082468966
read      876.5  1799.8    80.4   159.3   182.3   278.4   319.9   348.5   375.4   422.9  2964.5  6184.0  7473.7  9394.5 11034.8  77270.0    85000  1778082470472  1778082472672
read      878.3  1822.4    80.4   155.6   179.6   277.6   318.7   347.0   373.2   419.2  3029.7  6218.1  7597.4  9424.8 11814.4  77968.5    95000  1778082474176  1778082476377
read      858.8  1791.6    80.4   154.2   176.5   275.7   315.3   340.9   363.6   399.4  2725.9  6194.8  7437.7  9350.5 10672.1  79346.0   105000  1778082477881  1778082480083
read      921.8  1865.8    86.8   161.2   181.3   297.9   345.0   374.2   399.7   438.1  3998.1  6260.4  7271.5  9128.2 10806.3  74164.7   115000  1778082481587  1778082483800
read      862.3  1816.2    80.4   151.1   172.7   279.0   314.3   337.1   357.0   389.6  2461.1  6220.0  7440.4  9379.3 12544.0  79409.5   125000  1778082485305  1778082487507
Warning! Detected max cpu usage > 95%
CPU Usage Stats (avg/min/max): 50.25%,0.50%,100.00%
