#type       avg     std     min      p5     p10     p50     p67     p75     p80     p85     p90     p95     p99    p999   p9999      QPS   target       ts_start         ts_end
read      240.8    89.5   109.4   158.0   170.9   230.8   255.6   269.6   279.8   293.1   312.5   343.7   428.9  1385.6  2565.6   5012.5     5000  1778082505873  1778082508138
read      265.4    93.1    86.8   163.0   180.3   258.8   288.4   305.5   317.6   333.3   354.0   391.7   460.5   624.8  3677.0  14997.5    15000  1778082509642  1778082511887
read      278.0    94.8    86.8   155.1   173.8   272.2   309.3   329.9   344.2   363.8   388.2   423.1   496.5   700.6  1442.8  24899.5    25000  1778082513392  1778082515589
read      276.9   113.1    80.4   144.0   161.5   267.0   312.5   336.2   353.7   376.4   401.6   437.3   529.2   961.6  3076.1  34778.5    35000  1778082517093  1778082519294
read      273.3   108.1    80.4   132.0   148.1   263.8   315.7   342.3   364.0   387.8   414.6   454.1   536.9   660.8  2034.7  45070.0    45000  1778082520798  1778082522999
read      272.1   114.9    80.4   129.3   144.0   254.9   314.0   343.9   368.8   395.9   427.9   473.3   573.7   714.4  1988.2  54834.0    55000  1778082524504  1778082526702
read      268.8   135.7    74.4   123.9   138.1   243.7   304.2   337.6   365.4   397.7   436.2   493.7   614.4   949.1  3921.6  64974.5    65000  1778082528206  1778082530407
read      263.8   127.1    80.4   123.1   136.5   232.5   293.8   329.8   358.7   395.9   441.2   507.4   640.1   851.5  1830.4  74934.5    75000  1778082531911  1778082534111
read      275.6   147.2    74.4   124.0   138.2   238.3   303.5   340.2   370.8   411.4   465.7   548.2   752.5  1085.3  2518.3  84986.3    85000  1778082535616  1778082537819
read      294.3   190.8    74.4   124.9   139.5   240.9   304.4   343.9   382.2   435.7   517.9   657.9  1005.9  1646.4  2413.2  95156.0    95000  1778082539323  1778082541522
read      325.1   304.3    74.4   128.4   143.7   246.6   311.3   355.5   396.0   455.1   547.1   765.6  1714.1  3200.1  7618.1 105059.3   105000  1778082543027  1778082545227
read      451.3   632.0    80.4   147.2   168.9   287.3   351.5   397.9   438.0   499.4   624.3  1503.0  3398.8  7023.7  8419.9 114911.5   115000  1778082546732  1778082548934
read      470.8   692.7    80.4   149.3   169.9   282.7   350.3   402.4   453.1   526.2   648.3  1903.5  3506.8  7578.2  8129.8 124015.5   125000  1778082550439  1778082552640
Warning! Detected max cpu usage > 95%
CPU Usage Stats (avg/min/max): 50.50%,1.01%,100.00%
