#type       avg     std     min      p5     p10     p50     p67     p75     p80     p85     p90     p95     p99    p999   p9999      QPS   target       ts_start         ts_end
read      239.7    67.9   101.3   162.7   175.1   231.6   256.3   269.5   279.0   291.5   309.2   339.6   414.8  1192.1  1962.3   4942.0     5000  1778082790014  1778082792279
read      252.2    79.7    80.4   157.6   174.4   247.4   272.7   287.3   297.1   311.8   330.0   361.2   433.1   783.3  2204.9  14853.5    15000  1778082793783  1778082796028
read      257.8    80.7    80.4   148.5   165.3   255.9   285.9   302.0   314.4   329.0   346.4   383.0   454.3   553.9  2145.6  24989.5    25000  1778082797532  1778082799736
read      259.8    97.0    80.4   140.1   156.2   255.8   292.4   311.6   324.9   341.6   365.4   401.7   488.0   638.2  3889.6  35083.1    35000  1778082801241  1778082803441
read      259.4   120.9    80.4   134.5   149.8   253.1   296.2   317.5   332.3   348.0   372.0   407.2   481.5   684.0  3749.2  45205.4    45000  1778082804946  1778082807152
read      251.2   105.6    80.4   128.0   141.9   241.5   289.5   312.9   328.4   345.1   369.7   405.1   483.3   746.0  3043.4  55195.5    55000  1778082808657  1778082810858
read      252.5    96.1    80.4   128.4   142.2   238.4   292.0   316.9   333.9   353.2   379.5   421.5   509.5   674.1   908.7  64913.1    65000  1778082812362  1778082814562
read      249.2    97.6    74.4   125.4   139.5   233.0   287.6   313.1   330.3   350.1   379.8   423.1   511.9   681.2  1318.4  74808.5    75000  1778082816067  1778082818271
read      246.4    95.6    80.4   126.3   139.6   228.6   281.7   308.8   326.3   345.5   374.8   419.7   515.4   693.5   972.2  85466.9    85000  1778082819775  1778082821984
read      250.7   113.6    80.4   129.0   142.8   230.8   283.3   310.6   329.2   350.9   381.3   427.2   540.1   788.4  3793.5  94933.0    95000  1778082823489  1778082825702
read      250.7   110.1    80.4   127.4   141.1   230.2   281.0   308.3   327.1   349.6   382.0   433.6   571.9   892.6  2024.2 105002.9   105000  1778082827207  1778082829408
read      248.8   101.3    80.4   129.2   143.3   230.3   279.4   306.1   324.5   346.1   376.5   422.0   527.0   804.7  1416.1 114619.4   115000  1778082830913  1778082833117
read      257.6   138.4    74.4   133.0   148.2   237.3   285.6   312.2   331.4   354.5   385.9   433.5   547.6   940.2  4883.1 124710.9   125000  1778082834622  1778082836824
Warning! Detected max cpu usage > 95%
CPU Usage Stats (avg/min/max): 50.25%,0.50%,100.00%
