#type       avg     std     min      p5     p10     p50     p67     p75     p80     p85     p90     p95     p99    p999   p9999      QPS   target       ts_start         ts_end
read      228.7   103.1   101.3   156.0   167.3   218.9   240.8   253.0   262.7   273.1   290.1   318.8   402.0  1383.8  3920.1   5023.5     5000  1778082681370  1778082683627
read      254.1    88.7    93.8   157.7   174.8   248.8   274.2   289.8   300.9   315.7   335.4   367.9   445.6   614.8  4769.2  14735.5    15000  1778082685132  1778082687372
read      255.1    74.6    80.4   147.7   164.2   253.7   283.6   299.6   311.9   325.5   343.4   375.3   436.9   571.2  1383.6  25125.7    25000  1778082688877  1778082691076
read      256.1    84.0    80.4   138.4   154.0   254.9   290.0   308.7   321.3   337.3   357.7   391.5   461.7   620.6  1935.0  35254.8    35000  1778082692581  1778082694782
read      254.6    92.2    80.4   132.9   148.1   249.1   291.0   312.9   328.0   344.7   370.1   403.8   477.7   608.1  1713.8  45013.5    45000  1778082696287  1778082698488
read      248.0    91.9    74.4   127.4   141.1   238.7   285.9   309.8   325.9   344.0   370.1   404.6   478.4   592.1  1376.4  55477.5    55000  1778082699992  1778082702192
read      253.3   103.4    80.4   128.1   141.8   237.4   291.4   317.7   335.4   355.9   383.1   424.1   525.7   795.4  1697.2  65169.5    65000  1778082703696  1778082705898
read      246.3   108.9    74.4   124.1   137.9   229.6   281.4   308.5   326.6   346.6   375.0   418.5   507.0   722.5  2884.3  74784.5    75000  1778082707403  1778082709603
read      250.8   111.0    80.4   125.4   139.1   229.3   285.7   315.8   335.7   359.1   390.0   434.5   542.1   769.9  3336.2  84942.5    85000  1778082711108  1778082713307
read      260.6   121.4    80.4   128.5   142.9   237.2   293.1   322.7   343.2   367.9   399.3   451.3   636.2  1047.0  2010.5  95225.4    95000  1778082714812  1778082717014
read      249.5   101.2    74.4   127.2   141.1   230.5   281.6   309.7   329.0   351.6   381.9   426.7   533.3   824.0  1418.1 104944.9   105000  1778082718519  1778082720721
read      259.1   118.7    74.4   131.1   146.3   238.3   290.1   318.8   339.4   364.5   396.1   446.3   564.3   821.3  4997.9 115176.9   115000  1778082722226  1778082724429
read      259.0   130.7    80.4   133.8   149.0   238.5   286.6   313.5   333.1   356.8   388.6   436.4   553.3  1214.0  4288.6 125114.6   125000  1778082725932  1778082728137
Warning! Detected max cpu usage > 95%
CPU Usage Stats (avg/min/max): 51.00%,1.99%,100.00%
