#type       avg     std     min      p5     p10     p50     p67     p75     p80     p85     p90     p95     p99    p999   p9999      QPS   target       ts_start         ts_end
read      233.5    67.6    86.8   155.2   168.3   225.9   250.0   264.0   273.4   287.2   305.1   334.1   412.9   568.4  2998.1   4888.5     5000  1778082331664  1778082333927
read      263.3    94.4    93.8   154.0   171.6   259.7   291.4   307.9   318.5   333.2   351.5   388.4   467.5   609.3  2000.4  14832.5    15000  1778082335433  1778082337671
read      282.5   131.7    80.4   143.2   161.6   275.6   318.5   340.5   358.2   380.2   407.4   450.2   547.0   786.6  4070.0  25027.0    25000  1778082339176  1778082341378
read      291.8   116.6    80.4   137.2   153.9   281.6   335.3   367.2   390.6   415.5   444.5   487.8   585.3   794.1  2439.3  34948.0    35000  1778082342884  1778082345084
read      298.0   139.9    74.4   129.1   146.1   282.0   344.6   386.6   413.0   439.7   473.2   521.6   621.8   798.9  2374.2  45043.0    45000  1778082346589  1778082348792
read      311.0   149.2    80.4   130.1   147.0   288.1   365.1   409.7   438.9   470.7   507.2   559.7   671.8   933.5  1615.3  55133.0    55000  1778082350297  1778082352499
read      310.5   156.6    74.4   125.1   141.8   278.2   365.5   415.1   447.3   482.1   522.1   579.8   699.3  1050.9  2475.9  64731.8    65000  1778082354004  1778082356206
read      579.4   868.7    74.4   138.7   157.4   280.5   394.4   534.5   653.9   848.7  1251.4  2198.2  4684.2  7791.9  9974.3  74855.0    75000  1778082357710  1778082359915
read      757.7  1384.2    74.4   139.8   159.2   258.9   320.8   370.2   431.2   909.2  2534.7  4393.2  6468.4  8208.2  9779.2  81146.1    85000  1778082361420  1778082363622
read      823.3  1737.2    74.4   155.6   177.2   255.1   296.4   329.4   361.1   415.2  2128.7  6137.0  7525.1  9271.5 11636.5  82283.0    95000  1778082365127  1778082367328
read      886.4  1820.3    80.4   159.5   181.7   284.9   327.0   354.2   376.1   414.6  3168.3  6217.2  7476.6  9230.2 10157.4  77054.5   105000  1778082368832  1778082371032
read      897.0  1844.2    80.4   158.1   180.9   284.9   329.5   359.6   386.5   429.8  3250.8  6245.9  7419.0  9197.3 10478.9  76227.0   115000  1778082372537  1778082374739
read      907.0  1856.0    74.4   159.5   179.9   290.5   337.0   366.6   392.1   432.2  3281.2  6245.2  7423.7  9342.4 12422.0  75648.0   125000  1778082376244  1778082378445
Warning! Detected max cpu usage > 95%
CPU Usage Stats (avg/min/max): 50.50%,1.00%,100.00%
