#type       avg     std     min      p5     p10     p50     p67     p75     p80     p85     p90     p95     p99    p999   p9999      QPS   target       ts_start         ts_end
read      238.7   108.1   101.3   158.1   170.8   230.0   254.3   268.1   277.6   290.6   308.2   339.3   416.6   946.3  7538.5   4981.0     5000  1778082560595  1778082562853
read      263.1    89.9    86.8   160.3   177.1   258.1   287.2   303.4   315.5   330.0   346.6   381.6   446.4   582.4  3974.4  14832.0    15000  1778082564358  1778082566595
read      265.1    81.4    86.8   147.5   164.9   261.2   295.6   315.4   329.7   345.2   369.5   402.1   470.0   580.1  1334.4  25042.5    25000  1778082568100  1778082570301
read      272.1    93.3    80.4   139.1   155.2   266.7   312.2   335.4   351.8   373.1   398.5   432.8   504.4   634.4   808.6  35114.0    35000  1778082571804  1778082574004
read      273.8   102.1    80.4   136.7   152.6   260.7   314.9   343.4   366.3   390.3   417.4   456.2   532.8   636.9  1050.0  45474.8    45000  1778082575508  1778082577714
read      264.8   109.7    74.4   125.1   139.9   249.9   305.5   335.0   357.5   385.1   416.3   460.6   545.1   667.2  1169.9  55270.5    55000  1778082579218  1778082581418
read      265.7   124.0    74.4   125.2   139.4   243.2   302.1   334.5   360.0   392.6   430.4   484.8   588.2   760.0  1682.3  64878.7    65000  1778082582924  1778082585126
read      266.5   126.6    74.4   122.3   136.2   238.9   301.7   335.4   363.2   396.6   438.1   502.4   637.6   848.0  2083.5  74983.0    75000  1778082586630  1778082588833
read      274.3   154.6    74.4   125.7   139.1   235.1   299.7   337.6   369.8   410.6   463.8   544.4   729.8  1150.5  4204.6  85098.5    85000  1778082590337  1778082592537
read      296.8   182.6    74.4   130.0   144.3   245.1   309.9   351.5   390.9   445.3   524.4   647.7   923.4  1465.4  4292.5  94656.8    95000  1778082594041  1778082596244
read      323.4   258.2    74.4   131.7   147.6   247.6   307.9   349.8   393.8   466.5   597.9   822.1  1345.0  2251.8  4429.6 104541.5   105000  1778082597749  1778082599951
read      415.4   531.2    74.4   143.3   163.3   278.9   343.5   392.0   434.3   501.8   637.1  1179.2  3102.9  5935.7  8078.0 114319.4   115000  1778082601456  1778082603657
read      543.5   804.7    80.4   179.3   205.6   336.3   406.8   453.4   490.1   538.9   626.9  2716.2  3749.3  7738.8  8971.0 118434.9   125000  1778082605161  1778082607362
Warning! Detected max cpu usage > 95%
CPU Usage Stats (avg/min/max): 50.50%,1.01%,100.00%
